1 1
2 3
3 7
4 12
5 18
6 27
7 37
8 48
9 61
10 75
11 90
12 108
13 126
14 147
15 167
16 190
17 218
18 244
19 270
20 300
21 331
22 359
23 395
24 431
25 470
26 504
27 545
28 588
29 631
30 677
31 721
32 766
33 825
34 869
35 920
36 974
37 1026
38 1087
39 1136
40 1206
41 1253
42 1332
43 1382
44 1456
45 1514
46 1583
47 1663
48 1728
49 1803
50 1871
51 1945
52 2022
53 2114
54 2189
55 2269
56 2336
57 2441
58 2524
59 2625
60 2695
61 2784
62 2888
63 2992
64 3063
65 3166
66 3267
67 3370
68 3469
69 3580
70 3679
71 3777
72 3882
73 3993
74 4094
75 4230
76 4336
77 4453
78 4570
79 4686
80 4782
81 4923
82 5042
83 5167
84 5284
85 5431
86 5549
87 5667
88 5810
89 5954
90 6083
91 6224
92 6354
93 6465
94 6629
95 6794
96 6933
97 7057
98 7231
99 7351
100 7503
101 7638
102 7789
103 7946
104 8122
105 8271
106 8431
107 8594
108 8731
109 8907
110 9091
111 9237
112 9407
113 9575
114 9783
115 9959
116 10091
117 10298
118 10455
119 10620
120 10778
121 10958
122 11187
123 11322
124 11540
125 11691
126 11901
127 12102
128 12261
129 12510
130 12649
131 12882
132 13054
133 13275
134 13470
135 13654
136 13894
137 14085
138 14311
139 14530
140 14726
141 14869
142 15118
143 15276
144 15500
145 15772
146 15921
147 16198
148 16384
149 16624
150 16860
151 17157
152 17336
153 17536
154 17860
155 18035
156 18294
157 18476
158 18753
159 18997
160 19189
161 19405
162 19732
163 19909
164 20155
165 20386
166 20639
167 20947
168 21151
169 21373
170 21671
171 21935
172 22175
173 22425
174 22737
175 22963
176 23291
177 23535
178 23694
179 24012
180 24268
181 24578
182 24853
183 25177
184 25442
185 25581
186 25927
187 26204
188 26513
189 26736
190 27095
191 27393
192 27664
193 28010
194 28298
195 28486
196 28728
197 29133
198 29373
199 29746
200 29950
201 30318
202 30671
203 30908
204 31146
205 31516
206 31746
207 32107
208 32485
209 32804
210 33101
211 33392
212 33695
213 34040
214 34351
215 34665
216 34967
217 35328
218 35671
219 36003
220 36257
221 36665
222 37053
223 37305
224 37754
225 37874
226 38308
227 38629
228 38938
229 39371
230 39758
231 40112
232 40342
233 40739
234 41122
235 41344
236 41720
237 42182
238 42478
239 42836
240 43236
241 43595
242 43979
243 44294
244 44556
245 44893
246 45307
247 45783
248 46181
249 46551
250 46901
251 47269
252 47571
253 48057
254 48313
255 48776
256 49084
257 49616
258 49886
259 50412
260 50736
261 51074
262 51485
263 51865
264 52300
265 52696
266 52978
267 53407
268 53795
269 54218
270 54719
271 54989
272 55479
273 55804
274 56227
275 56742
276 57068
277 57503
278 58038
279 58292
280 58866
281 59321
282 59584
283 60148
284 60488
285 60949
286 61316
287 61854
288 62149
289 62568
290 63134
291 63606
292 63915
293 64366
294 64648
295 65266
296 65690
297 66198
298 66551
299 67027
300 67463
301 67985
302 68350
303 68966
304 69335
305 69765
306 70142
307 70771
308 71189
309 71545
310 72137
311 72685
312 73018
313 73519
314 74098
315 74347
316 74959
317 75483
318 75902
319 76387
320 76919
321 77341
322 77757
323 78083
324 78704
325 79244
326 79697
327 80151
328 80641
329 80959
330 81694
331 82227
332 82789
333 83129
334 83787
335 84066
336 84622
337 85206
338 85768
339 86101
340 86757
341 87304
342 87627
343 88268
344 88636
345 89229
346 89814
347 90280
348 91062
349 91333
350 91854
351 92216
352 93017
353 93640
354 94155
355 94460
356 94960
357 95605
358 96177
359 96848
360 97114
361 97726
362 98290
363 98723
364 99522
365 99994
366 100334
367 100928
368 101629
369 102020
370 102699
371 103185
372 103806
373 104488
374 104889
375 105639
376 106192
377 106585
378 107157
379 107665
380 108352
381 108960
382 109340
383 110046
384 110438
385 111488
386 111661
387 112358
388 112925
389 113641
390 114083
391 114889
392 115219
393 115731
394 116246
395 117128
396 117537
397 118179
398 118930
399 119534
400 120075
401 120487
402 121124
403 121993
404 122517
405 122983
406 123599
407 124232
408 124904
409 125332
410 126012
411 126579
412 127394
413 127912
414 128665
415 129103
416 129833
417 130405
418 130818
419 131543
420 132389
421 132973
422 133460
423 134087
424 134905
425 135106
426 136020
427 136457
428 137157
429 138050
430 138661
431 139169
432 140001
433 140443
434 141478
435 141886
436 142902
437 143145
438 143792
439 144605
440 145134
441 146004
442 146504
443 147492
444 147642
445 148662
446 149138
447 149842
448 150501
449 151126
450 151950
451 152535
452 153187
453 154182
454 154674
455 155138
456 155767
457 156774
458 157443
459 158152
460 158755
461 159446
462 159857
463 160824
464 161405
465 162257
466 162982
467 163643
468 164304
469 165268
470 165621
471 166371
472 167442
473 167594
474 168372
475 169215
476 169913
477 170354
478 171155
479 171958
480 172766
481 173585
482 174264
483 175111
484 175515
485 176439
486 177239
487 177823
488 178686
489 178965
490 180076
491 180738
492 181507
493 182349
494 183188
495 184070
496 184608
497 185164
498 185966
499 186702
500 187452
