1 1
2 4
3 10
4 18
5 28
6 42
7 58
8 76
9 97
10 119
11 146
12 174
13 204
14 237
15 271
16 313
17 353
18 396
19 442
20 490
21 541
22 598
23 653
24 704
25 766
26 835
27 896
28 964
29 1039
30 1112
31 1185
32 1265
33 1348
34 1424
35 1514
36 1605
37 1687
38 1786
39 1886
40 1983
41 2080
42 2181
43 2293
44 2401
45 2501
46 2619
47 2732
48 2854
49 2976
50 3095
51 3209
52 3359
53 3487
54 3631
55 3751
56 3886
57 4032
58 4174
59 4313
60 4465
61 4620
62 4775
63 4915
64 5081
65 5246
66 5412
67 5588
68 5731
69 5908
70 6087
71 6274
72 6450
73 6644
74 6797
75 7015
76 7184
77 7360
78 7562
79 7770
80 7977
81 8180
82 8357
83 8565
84 8779
85 9018
86 9186
87 9417
88 9658
89 9839
90 10075
91 10292
92 10543
93 10775
94 11004
95 11246
96 11477
97 11718
98 11986
99 12203
100 12450
101 12692
102 12929
103 13222
104 13463
105 13702
106 13994
107 14270
108 14533
109 14800
110 15069
111 15354
112 15625
113 15911
114 16193
115 16464
116 16788
117 17077
118 17332
119 17627
120 17963
121 18246
122 18528
123 18851
124 19182
125 19479
126 19824
127 20130
128 20462
129 20752
130 21036
131 21337
132 21734
133 22033
134 22392
135 22723
136 23044
137 23401
138 23693
139 24089
140 24449
141 24810
142 25070
143 25472
144 25872
145 26176
146 26578
147 26893
148 27352
149 27669
150 27998
151 28405
152 28775
153 29183
154 29559
155 29969
156 30359
157 30772
158 31111
159 31499
160 31941
161 32351
162 32735
163 33148
164 33515
165 33975
166 34385
167 34821
168 35143
169 35612
170 36054
171 36511
172 36892
173 37340
174 37746
175 38275
176 38622
177 39039
178 39555
179 40026
180 40416
181 40876
182 41365
183 41790
184 42175
185 42689
186 43151
187 43595
188 44035
189 44606
190 45019
191 45541
192 45975
193 46539
194 46943
195 47470
196 47909
197 48401
198 48962
199 49326
200 49839
201 50476
202 50928
203 51330
204 51838
205 52430
206 52993
207 53343
208 54046
209 54573
210 55012
211 55591
212 56084
213 56671
214 57121
215 57699
216 58158
217 58699
218 59382
219 59945
220 60385
221 60967
222 61514
223 62087
224 62599
225 63229
226 63837
227 64214
228 64775
229 65397
230 66114
231 66683
232 67208
233 67691
234 68334
235 68993
236 69482
237 70115
238 70811
239 71159
240 71867
241 72469
242 73145
243 73711
244 74267
245 74964
246 75393
247 76088
248 76738
249 77305
250 77970
251 78695
252 79238
253 79842
254 80495
255 81195
256 81833
257 82333
258 83015
259 83720
260 84361
261 85129
262 85647
263 86260
264 86847
265 87602
266 88276
267 89040
268 89585
269 90169
270 90994
271 91719
272 92205
273 92899
274 93595
275 94461
276 95067
277 95778
278 96570
279 97158
280 97990
281 98520
282 99325
283 99891
284 100677
285 101439
286 102065
287 102906
288 103575
289 104426
290 105073
291 105619
292 106340
293 107199
294 107859
295 108721
296 109383
297 110248
298 110771
299 111602
300 112409
301 113047
302 113808
303 114684
304 115387
305 116145
306 116927
307 117771
308 118556
309 119120
310 119917
311 120751
312 121547
313 122332
314 123007
315 123859
316 124800
317 125439
318 126132
319 127125
320 127905
321 128602
322 129440
323 130270
324 131027
325 131844
326 132724
327 133545
328 134334
329 135028
330 136114
331 136734
332 137570
333 138470
334 139089
335 140368
336 140946
337 141859
338 142767
339 143447
340 144448
341 145180
342 145967
343 146795
344 147727
345 148562
346 149478
347 150254
348 151222
349 152114
350 152955
351 153816
352 154935
353 155532
354 156619
355 157481
356 158264
357 159095
358 160145
359 160980
360 161682
361 162883
362 163603
363 164388
364 165430
365 166189
366 167301
367 168313
368 169000
369 169923
370 170923
371 171826
372 172997
373 173664
374 174316
375 175634
376 176496
377 177484
378 178476
379 179518
380 180230
381 181063
382 182225
383 182879
384 184143
385 184792
386 185908
387 187015
388 187901
389 189119
390 189885
391 190826
392 191867
393 192876
394 194044
395 194690
396 195895
397 196974
398 198063
399 198820
400 199869
401 200927
402 201876
403 202770
404 203632
405 204997
406 205829
407 207048
408 208317
409 208824
410 210042
411 210543
412 212129
413 213079
414 214176
415 215196
416 216056
417 217273
418 218443
419 219222
420 220194
421 221400
422 222230
423 223517
424 224615
425 225588
426 226804
427 227560
428 228586
429 229881
430 230784
431 231974
432 233363
433 234122
434 235306
435 236116
436 237371
437 238444
438 239787
439 240621
440 241951
441 242875
442 244028
443 245337
444 246410
445 247244
446 248388
447 249494
448 250649
449 251710
450 252858
451 254139
452 254944
453 256311
454 257260
455 258576
456 259732
457 260663
458 262032
459 263156
460 264530
461 265443
462 266459
463 267999
464 268883
465 270218
466 271175
467 272325
468 273387
469 274945
470 275798
471 277303
472 278381
473 279720
474 280361
475 281802
476 282808
477 284104
478 285690
479 286442
480 287651
481 288798
482 290269
483 291508
484 293028
485 294002
486 295140
487 296083
488 297099
489 298770
490 299638
491 301144
492 302590
493 303616
494 304621
495 305918
496 307290
497 308908
498 309728
499 311103
500 312023
