1 2
2 3
3 5
4 8
5 10
6 14
7 17
8 20
9 22
10 27
11 31
12 33
13 39
14 43
15 47
16 51
17 54
18 60
19 60
20 67
21 70
22 79
23 81
24 83
25 88
26 94
27 99
28 103
29 112
30 112
31 119
32 121
33 125
34 128
35 135
36 143
37 149
38 150
39 156
40 164
41 168
42 173
43 176
44 187
45 193
46 192
47 199
48 205
49 214
50 216
51 219
52 229
53 229
54 235
55 248
56 255
57 256
58 261
59 268
60 278
61 278
62 280
63 287
64 302
65 303
66 304
67 318
68 320
69 325
70 336
71 338
72 341
73 350
74 352
75 355
76 372
77 370
78 383
79 378
80 391
81 401
82 402
83 411
84 427
85 414
86 426
87 432
88 445
89 442
90 467
91 463
92 478
93 467
94 479
95 485
96 499
97 511
98 506
99 522
100 507
101 528
102 531
103 541
104 545
105 555
106 550
107 563
108 561
109 572
110 593
111 588
112 601
113 610
114 607
115 621
116 619
117 633
118 631
119 630
120 659
121 648
122 658
123 688
124 689
125 675
126 682
127 703
128 701
129 697
130 712
131 718
132 727
133 742
134 743
135 742
136 761
137 777
138 785
139 794
140 791
141 806
142 795
143 794
144 801
145 805
146 820
147 837
148 840
149 853
150 850
151 870
152 855
153 868
154 881
155 889
156 888
157 891
158 901
159 920
160 916
161 942
162 938
163 945
164 950
165 960
166 948
167 979
168 978
169 988
170 997
171 1004
172 1013
173 1025
174 1021
175 1010
176 1023
177 1048
178 1037
179 1059
180 1045
181 1077
182 1090
183 1065
184 1098
185 1085
186 1105
187 1097
188 1125
189 1113
190 1132
191 1147
192 1141
193 1156
194 1163
195 1180
196 1173
197 1190
198 1200
199 1201
200 1192
201 1220
202 1237
203 1235
204 1238
205 1236
206 1250
207 1254
208 1284
209 1280
210 1272
211 1294
212 1292
213 1308
214 1319
215 1318
216 1306
217 1343
218 1336
219 1352
220 1366
221 1354
222 1376
223 1361
224 1387
225 1393
226 1413
227 1411
228 1418
229 1437
230 1419
231 1456
232 1434
233 1448
234 1461
235 1481
236 1476
237 1456
238 1467
239 1519
240 1510
241 1504
242 1545
243 1524
244 1563
245 1529
246 1553
247 1560
248 1581
249 1586
250 1577
251 1569
252 1576
253 1622
254 1629
255 1635
256 1637
257 1644
258 1630
259 1638
260 1681
261 1692
262 1673
263 1657
264 1693
265 1697
266 1720
267 1724
268 1704
269 1704
270 1736
271 1731
272 1715
273 1776
274 1783
275 1773
276 1788
277 1763
278 1846
279 1807
280 1807
281 1810
282 1807
283 1827
284 1870
285 1866
286 1862
287 1868
288 1872
289 1881
290 1878
291 1881
292 1901
293 1906
294 1941
295 1910
296 1947
297 1952
298 1942
299 1966
300 1971
301 1973
302 2013
303 2006
304 1968
305 2024
306 2055
307 2043
308 2068
309 2045
310 2065
311 2050
312 2066
313 2069
314 2107
315 2095
316 2113
317 2090
318 2129
319 2136
320 2112
321 2145
322 2163
323 2127
324 2157
325 2182
326 2167
327 2181
328 2189
329 2212
330 2188
331 2221
332 2251
333 2235
334 2230
335 2238
336 2292
337 2242
338 2288
339 2284
340 2300
341 2283
342 2310
343 2291
344 2322
345 2349
346 2356
347 2357
348 2340
349 2369
350 2342
351 2345
352 2410
353 2427
354 2415
355 2426
356 2432
357 2398
358 2409
359 2436
360 2464
361 2451
362 2462
363 2471
364 2480
365 2526
366 2499
367 2482
368 2503
369 2505
370 2494
371 2532
372 2560
373 2537
374 2568
375 2536
376 2592
377 2608
378 2654
379 2636
380 2596
381 2615
382 2634
383 2640
384 2647
385 2657
386 2630
387 2674
388 2729
389 2678
390 2722
391 2716
392 2712
393 2731
394 2698
395 2713
396 2750
397 2733
398 2757
399 2797
400 2763
401 2786
402 2780
403 2776
404 2813
405 2823
406 2842
407 2868
408 2813
409 2870
410 2849
411 2897
412 2888
413 2882
414 2880
415 2891
416 2901
417 2886
418 2954
419 2915
420 2926
421 2955
422 2977
423 2941
424 2998
425 2968
426 2971
427 3028
428 2974
429 3046
430 3035
431 3048
432 3089
433 3075
434 3058
435 3092
436 3102
437 3153
438 3111
439 3137
440 3132
441 3095
442 3121
443 3168
444 3164
445 3133
446 3165
447 3141
448 3168
449 3232
450 3174
451 3230
452 3203
453 3200
454 3280
455 3255
456 3262
457 3290
458 3269
459 3303
460 3279
461 3257
462 3328
463 3282
464 3310
465 3323
466 3359
467 3345
468 3374
469 3309
470 3364
471 3374
472 3424
473 3431
474 3449
475 3410
476 3416
477 3387
478 3459
479 3471
480 3439
481 3481
482 3451
483 3413
484 3452
485 3517
486 3472
487 3518
488 3468
489 3550
490 3572
491 3588
492 3549
493 3601
494 3598
495 3557
496 3616
497 3656
498 3627
499 3627
500 3627
