1 0
2 0
3 2
4 4
5 8
6 11
7 17
8 23
9 30
10 42
11 50
12 61
13 70
14 82
15 96
16 113
17 126
18 145
19 165
20 182
21 202
22 220
23 243
24 261
25 288
26 317
27 333
28 371
29 403
30 407
31 449
32 485
33 512
34 538
35 579
36 612
37 661
38 677
39 716
40 774
41 802
42 841
43 890
44 923
45 966
46 1022
47 1076
48 1115
49 1164
50 1192
51 1245
52 1287
53 1357
54 1414
55 1465
56 1517
57 1562
58 1620
59 1681
60 1764
61 1793
62 1881
63 1910
64 1963
65 2031
66 2089
67 2213
68 2234
69 2294
70 2400
71 2472
72 2490
73 2614
74 2640
75 2744
76 2783
77 2917
78 2947
79 3010
80 3075
81 3162
82 3277
83 3349
84 3446
85 3533
86 3651
87 3694
88 3763
89 3844
90 3966
91 4069
92 4175
93 4196
94 4279
95 4460
96 4542
97 4572
98 4687
99 4812
100 4899
101 5037
102 5126
103 5250
104 5265
105 5456
106 5589
107 5579
108 5710
109 5799
110 5945
111 5991
112 6158
113 6285
114 6384
115 6483
116 6627
117 6722
118 6865
119 6855
120 7114
121 7145
122 7311
123 7430
124 7556
125 7667
126 7785
127 7933
128 8057
129 8134
130 8334
131 8471
132 8519
133 8690
134 8837
135 8973
136 9112
137 9246
138 9454
139 9531
140 9625
141 9846
142 9845
143 10057
144 10204
145 10372
146 10491
147 10581
148 10787
149 10813
150 11227
151 11264
152 11337
153 11512
154 11813
155 11899
156 12117
157 12193
158 12276
159 12471
160 12585
161 12807
162 13045
163 13123
164 13385
165 13341
166 13645
167 13865
168 13982
169 14093
170 14387
171 14426
172 14623
173 14735
174 15031
175 15046
176 15304
177 15566
178 15742
179 15842
180 16124
181 16129
182 16470
183 16615
184 16731
185 17025
186 17103
187 17429
188 17451
189 17682
190 17724
191 17893
192 18277
193 18324
194 18496
195 18982
196 18923
197 19218
198 19391
199 19590
200 19958
201 20063
202 20180
203 20331
204 20493
205 20763
206 21036
207 21192
208 21381
209 21752
210 22006
211 22099
212 22336
213 22439
214 22687
215 22834
216 22976
217 23248
218 23567
219 23743
220 24048
221 24041
222 24449
223 24640
224 25064
225 25255
226 25183
227 25630
228 25856
229 25897
230 26307
231 26488
232 26626
233 26859
234 27109
235 27430
236 27719
237 27778
238 28147
239 28372
240 28643
241 28880
242 29119
243 29179
244 29479
245 29720
246 29872
247 30194
248 30537
249 30810
250 30722
251 31269
252 31404
253 31782
254 32011
255 32178
256 32286
257 32758
258 32708
259 33159
260 33907
261 33670
262 34038
263 34432
264 34705
265 35197
266 35133
267 35192
268 35866
269 35875
270 36226
271 36328
272 36836
273 36991
274 37011
275 37850
276 37858
277 38238
278 38183
279 38465
280 38790
281 39126
282 39085
283 39780
284 40025
285 40332
286 40739
287 40770
288 41162
289 41593
290 41909
291 41940
292 42255
293 42741
294 43370
295 43252
296 43275
297 43717
298 44068
299 44429
300 44876
301 45072
302 45267
303 45575
304 45895
305 45766
306 46427
307 46846
308 46912
309 47408
310 47480
311 48020
312 48113
313 48637
314 48839
315 49398
316 49684
317 50088
318 49910
319 50288
320 51064
321 51011
322 51447
323 51959
324 52015
325 52471
326 52839
327 53134
328 53538
329 54169
330 53955
331 54430
332 55119
333 55162
334 55620
335 55733
336 55852
337 56662
338 56515
339 57079
340 57355
341 57571
342 58664
343 58305
344 58964
345 59086
346 59703
347 59748
348 60022
349 60658
350 61026
351 61308
352 61592
353 62506
354 62270
355 62416
356 63148
357 63714
358 63713
359 63986
360 64606
361 64366
362 64976
363 65084
364 65675
365 66393
366 66616
367 67030
368 67067
369 67431
370 68076
371 68424
372 68702
373 69169
374 69586
375 69829
376 70476
377 70645
378 71755
379 71325
380 71413
381 71885
382 72549
383 72912
384 73296
385 73628
386 73955
387 74848
388 74767
389 75541
390 74973
391 75936
392 76615
393 77492
394 77573
395 77757
396 77758
397 78336
398 79080
399 78749
400 79558
401 79787
402 80384
403 81312
404 81662
405 81672
406 81900
407 81986
408 82220
409 82827
410 83590
411 84113
412 85042
413 84733
414 84685
415 85531
416 85718
417 86962
418 87161
419 87007
420 87875
421 87760
422 88258
423 89032
424 89382
425 89911
426 90525
427 90766
428 91608
429 91385
430 91867
431 92325
432 92898
433 93524
434 93803
435 94118
436 94452
437 94838
438 95307
439 95936
440 96297
441 97520
442 97342
443 97666
444 97590
445 97620
446 98708
447 100048
448 100534
449 100232
450 100867
451 101899
452 101469
453 101851
454 102518
455 103081
456 103754
457 103602
458 104031
459 104970
460 105044
461 105457
462 106011
463 106411
464 107233
465 108496
466 108168
467 108286
468 109217
469 109385
470 110276
471 110308
472 111130
473 111466
474 112115
475 112641
476 113042
477 112837
478 113439
479 114411
480 114481
481 115573
482 114840
483 116668
484 117609
485 117236
486 117469
487 118916
488 118678
489 118798
490 119753
491 120071
492 119892
493 121658
494 121314
495 122741
496 122208
497 122971
498 124063
499 123409
500 124359
