2 0
3 0
5 1
7 1
11 2
13 2
17 3
19 3
23 3
29 4
31 4
37 5
41 5
43 5
47 5
53 6
59 6
61 6
67 7
71 7
73 7
79 7
83 8
89 8
97 8
101 9
103 9
107 9
109 9
113 9
127 10
131 10
137 10
139 10
149 11
151 11
157 11
163 11
167 11
173 12
179 12
181 12
191 12
193 12
197 13
199 13
211 13
223 13
227 14
229 14
233 14
239 14
241 14
251 14
257 15
263 15
269 15
271 15
277 15
281 15
283 15
293 16
307 16
311 16
313 16
317 16
331 17
337 17
347 17
349 17
353 17
359 17
367 18
373 18
379 18
383 18
389 18
397 18
401 19
409 19
419 19
421 19
431 19
433 19
439 19
443 20
449 20
457 20
461 20
463 20
467 20
479 20
487 21
491 21
499 21
503 21
509 21
521 21
523 21
541 22
547 22
557 22
563 22
569 22
571 22
577 23
587 23
593 23
599 23
601 23
607 23
613 23
617 23
619 23
631 24
641 24
643 24
647 24
653 24
659 24
661 24
673 24
677 25
683 25
691 25
701 25
709 25
719 25
727 25
733 26
739 26
743 26
751 26
757 26
761 26
769 26
773 26
787 27
797 27
809 27
811 27
821 27
823 27
827 27
829 27
839 27
853 28
857 28
859 28
863 28
877 28
881 28
883 28
887 28
907 29
911 29
919 29
929 29
937 29
941 29
947 29
953 29
967 30
971 30
977 30
983 30
991 30
997 30
1009 30
1013 30
1019 30
1021 30
1031 31
1033 31
1039 31
1049 31
1051 31
1061 31
1063 31
1069 31
1087 31
1091 32
1093 32
1097 32
1103 32
1109 32
1117 32
1123 32
1129 32
1151 32
1153 32
1163 33
1171 33
1181 33
1187 33
1193 33
1201 33
1213 33
1217 33
1223 33
1229 34
1231 34
1237 34
1249 34
1259 34
1277 34
1279 34
1283 34
1289 34
1291 34
1297 35
1301 35
1303 35
1307 35
1319 35
1321 35
1327 35
1361 35
1367 35
1373 36
1381 36
1399 36
1409 36
1423 36
1427 36
1429 36
1433 36
1439 36
1447 37
1451 37
1453 37
1459 37
1471 37
1481 37
1483 37
1487 37
1489 37
1493 37
1499 37
1511 37
1523 38
1531 38
1543 38
1549 38
1553 38
1559 38
1567 38
1571 38
1579 38
1583 38
1597 38
1601 39
1607 39
1609 39
1613 39
1619 39
1621 39
1627 39
1637 39
1657 39
1663 39
1667 39
1669 39
1693 40
1697 40
1699 40
1709 40
1721 40
1723 40
1733 40
1741 40
1747 40
1753 40
1759 40
1777 41
1783 41
1787 41
1789 41
1801 41
1811 41
1823 41
1831 41
1847 41
1861 42
1867 42
1871 42
1873 42
1877 42
1879 42
1889 42
1901 42
1907 42
1913 42
1931 42
1933 42
1949 43
1951 43
1973 43
1979 43
1987 43
1993 43
1997 43
1999 43
2003 43
2011 43
2017 43
2027 44
2029 44
2039 44
2053 44
2063 44
2069 44
2081 44
2083 44
2087 44
2089 44
2099 44
2111 44
2113 44
2129 45
2131 45
2137 45
2141 45
2143 45
2153 45
2161 45
2179 45
2203 45
2207 45
2213 46
2221 46
2237 46
2239 46
2243 46
2251 46
2267 46
2269 46
2273 46
2281 46
2287 46
2293 46
2297 46
2309 47
2311 47
2333 47
2339 47
2341 47
2347 47
2351 47
2357 47
2371 47
2377 47
2381 47
2383 47
2389 47
2393 47
2399 47
2411 48
2417 48
2423 48
2437 48
2441 48
2447 48
2459 48
2467 48
2473 48
2477 48
2503 49
2521 49
2531 49
2539 49
2543 49
2549 49
2551 49
2557 49
2579 49
2591 49
2593 49
2609 50
2617 50
2621 50
2633 50
2647 50
2657 50
2659 50
2663 50
2671 50
2677 50
2683 50
2687 50
2689 50
2693 50
2699 50
2707 51
2711 51
2713 51
2719 51
2729 51
2731 51
2741 51
2749 51
2753 51
2767 51
2777 51
2789 51
2791 51
2797 51
2801 51
2803 51
2819 52
2833 52
2837 52
2843 52
2851 52
2857 52
2861 52
2879 52
2887 52
2897 52
2903 52
2909 52
2917 53
2927 53
2939 53
2953 53
2957 53
2963 53
2969 53
2971 53
2999 53
3001 53
3011 53
3019 53
3023 53
3037 54
3041 54
3049 54
3061 54
3067 54
3079 54
3083 54
3089 54
3109 54
3119 54
3121 54
3137 55
3163 55
3167 55
3169 55
3181 55
3187 55
3191 55
3203 55
3209 55
3217 55
3221 55
3229 55
3251 56
3253 56
3257 56
3259 56
3271 56
3299 56
3301 56
3307 56
3313 56
3319 56
3323 56
3329 56
3331 56
3343 56
3347 56
3359 56
3361 56
3371 57
3373 57
3389 57
3391 57
3407 57
3413 57
3433 57
3449 57
3457 57
3461 57
3463 57
3467 57
3469 57
3491 58
3499 58
3511 58
3517 58
3527 58
3529 58
3533 58
3539 58
3541 58
3547 58
3557 58
3559 58
3571 58
3581 58
3583 58
3593 58
3607 59
3613 59
3617 59
3623 59
3631 59
3637 59
3643 59
3659 59
3671 59
3673 59
3677 59
3691 59
3697 59
3701 59
3709 59
3719 59
3727 60
3733 60
3739 60
3761 60
3767 60
3769 60
3779 60
3793 60
3797 60
3803 60
3821 60
3823 60
3833 60
3847 61
3851 61
3853 61
3863 61
3877 61
3881 61
3889 61
3907 61
3911 61
3917 61
3919 61
3923 61
3929 61
3931 61
3943 61
3947 61
3967 61
3989 62
4001 62
4003 62
4007 62
4013 62
4019 62
4021 62
4027 62
4049 62
4051 62
4057 62
4073 62
4079 62
4091 62
4093 62
4099 63
4111 63
4127 63
4129 63
4133 63
4139 63
4153 63
4157 63
4159 63
4177 63
4201 63
4211 63
4217 63
4219 63
4229 64
4231 64
4241 64
4243 64
4253 64
4259 64
4261 64
4271 64
4273 64
4283 64
4289 64
4297 64
4327 64
4337 64
4339 64
4349 64
4357 65
4363 65
4373 65
4391 65
4397 65
4409 65
4421 65
4423 65
4441 65
4447 65
4451 65
4457 65
4463 65
4481 65
4483 65
4493 66
4507 66
4513 66
4517 66
4519 66
4523 66
4547 66
4549 66
4561 66
4567 66
4583 66
4591 66
4597 66
4603 66
4621 66
4637 67
4639 67
4643 67
4649 67
4651 67
4657 67
4663 67
4673 67
4679 67
4691 67
4703 67
4721 67
4723 67
4729 67
4733 67
4751 67
4759 67
4783 68
4787 68
4789 68
4793 68
4799 68
4801 68
4813 68
4817 68
4831 68
4861 68
4871 68
4877 68
4889 68
4903 69
4909 69
4919 69
4931 69
4933 69
4937 69
4943 69
4951 69
4957 69
4967 69
4969 69
4973 69
4987 69
4993 69
4999 69
5003 69
5009 69
5011 69
5021 69
5023 69
5039 69
5051 70
5059 70
5077 70
5081 70
5087 70
5099 70
5101 70
5107 70
5113 70
5119 70
5147 70
5153 70
5167 70
5171 70
5179 70
5189 71
5197 71
5209 71
5227 71
5231 71
5233 71
5237 71
5261 71
5273 71
5279 71
5281 71
5297 71
5303 71
5309 71
5323 71
5333 72
5347 72
5351 72
5381 72
5387 72
5393 72
5399 72
5407 72
5413 72
5417 72
5419 72
5431 72
5437 72
5441 72
5443 72
5449 72
5471 72
5477 73
5479 73
5483 73
5501 73
5503 73
5507 73
5519 73
5521 73
5527 73
5531 73
5557 73
5563 73
5569 73
5573 73
5581 73
5591 73
5623 73
5639 74
5641 74
5647 74
5651 74
5653 74
5657 74
5659 74
5669 74
5683 74
5689 74
5693 74
5701 74
5711 74
5717 74
5737 74
5741 74
5743 74
5749 74
5779 75
5783 75
5791 75
5801 75
5807 75
5813 75
5821 75
5827 75
5839 75
5843 75
5849 75
5851 75
5857 75
5861 75
5867 75
5869 75
5879 75
5881 75
5897 75
5903 75
5923 75
5927 75
5939 76
5953 76
5981 76
5987 76
6007 76
6011 76
6029 76
6037 76
6043 76
6047 76
6053 76
6067 76
6073 76
6079 76
6089 77
6091 77
6101 77
6113 77
6121 77
6131 77
6133 77
6143 77
6151 77
6163 77
6173 77
6197 77
6199 77
6203 77
6211 77
6217 77
6221 77
6229 77
6247 78
6257 78
6263 78
6269 78
6271 78
6277 78
6287 78
6299 78
6301 78
6311 78
6317 78
6323 78
6329 78
6337 78
6343 78
6353 78
6359 78
6361 78
6367 78
6373 78
6379 78
6389 78
6397 78
6421 79
6427 79
6449 79
6451 79
6469 79
6473 79
6481 79
6491 79
6521 79
6529 79
6547 79
6551 79
6553 79
6563 80
6569 80
6571 80
6577 80
6581 80
6599 80
6607 80
6619 80
6637 80
6653 80
6659 80
6661 80
6673 80
6679 80
6689 80
6691 80
6701 80
6703 80
6709 80
6719 80
6733 81
6737 81
6761 81
6763 81
6779 81
6781 81
6791 81
6793 81
6803 81
6823 81
6827 81
6829 81
6833 81
6841 81
6857 81
6863 81
6869 81
6871 81
6883 81
6899 82
6907 82
6911 82
6917 82
6947 82
6949 82
6959 82
6961 82
6967 82
6971 82
6977 82
6983 82
6991 82
6997 82
7001 82
7013 82
7019 82
7027 82
7039 82
7043 82
7057 83
7069 83
7079 83
7103 83
7109 83
7121 83
7127 83
7129 83
7151 83
7159 83
7177 83
7187 83
7193 83
7207 83
7211 83
7213 83
7219 83
7229 84
7237 84
7243 84
7247 84
7253 84
7283 84
7297 84
7307 84
7309 84
7321 84
7331 84
7333 84
7349 84
7351 84
7369 84
7393 84
7411 85
7417 85
7433 85
7451 85
7457 85
7459 85
7477 85
7481 85
7487 85
7489 85
7499 85
7507 85
7517 85
7523 85
7529 85
7537 85
7541 85
7547 85
7549 85
7559 85
7561 85
7573 86
7577 86
7583 86
7589 86
7591 86
7603 86
7607 86
7621 86
7639 86
7643 86
7649 86
7669 86
7673 86
7681 86
7687 86
7691 86
7699 86
7703 86
7717 86
7723 86
7727 86
7741 86
7753 87
7757 87
7759 87
7789 87
7793 87
7817 87
7823 87
7829 87
7841 87
7853 87
7867 87
7873 87
7877 87
7879 87
7883 87
7901 87
7907 87
7919 87
7927 88
7933 88
7937 88
7949 88
7951 88
7963 88
7993 88
8009 88
8011 88
8017 88
8039 88
8053 88
8059 88
8069 88
8081 88
8087 88
8089 88
8093 88
8101 89
8111 89
8117 89
8123 89
8147 89
8161 89
8167 89
8171 89
8179 89
8191 89
8209 89
8219 89
8221 89
8231 89
8233 89
8237 89
8243 89
8263 89
8269 89
8273 89
8287 90
8291 90
8293 90
8297 90
8311 90
8317 90
8329 90
8353 90
8363 90
8369 90
8377 90
8387 90
8389 90
8419 90
8423 90
8429 90
8431 90
8443 90
8447 90
8461 90
8467 91
8501 91
8513 91
8521 91
8527 91
8537 91
8539 91
8543 91
8563 91
8573 91
8581 91
8597 91
8599 91
8609 91
8623 91
8627 91
8629 91
8641 91
8647 91
8663 92
8669 92
8677 92
8681 92
8689 92
8693 92
8699 92
8707 92
8713 92
8719 92
8731 92
8737 92
8741 92
8747 92
8753 92
8761 92
8779 92
8783 92
8803 92
8807 92
8819 92
8821 92
8831 92
8837 93
8839 93
8849 93
8861 93
8863 93
8867 93
8887 93
8893 93
8923 93
8929 93
8933 93
8941 93
8951 93
8963 93
8969 93
8971 93
8999 93
9001 93
9007 93
9011 93
9013 93
9029 94
9041 94
9043 94
9049 94
9059 94
9067 94
9091 94
9103 94
9109 94
9127 94
9133 94
9137 94
9151 94
9157 94
9161 94
9173 94
9181 94
9187 94
9199 94
9203 94
9209 94
9221 95
9227 95
9239 95
9241 95
9257 95
9277 95
9281 95
9283 95
9293 95
9311 95
9319 95
9323 95
9337 95
9341 95
9343 95
9349 95
9371 95
9377 95
9391 95
9397 95
9403 95
9413 96
9419 96
9421 96
9431 96
9433 96
9437 96
9439 96
9461 96
9463 96
9467 96
9473 96
9479 96
9491 96
9497 96
9511 96
9521 96
9533 96
9539 96
9547 96
9551 96
9587 96
9601 96
9613 97
9619 97
9623 97
9629 97
9631 97
9643 97
9649 97
9661 97
9677 97
9679 97
9689 97
9697 97
9719 97
9721 97
9733 97
9739 97
9743 97
9749 97
9767 97
9769 97
9781 97
9787 97
9791 97
9803 98
9811 98
9817 98
9829 98
9833 98
9839 98
9851 98
9857 98
9859 98
9871 98
9883 98
9887 98
9901 98
9907 98
9923 98
9929 98
9931 98
9941 98
9949 98
9967 98
9973 98
10007 99
10009 99
10037 99
10039 99
10061 99
10067 99
10069 99
10079 99
10091 99
10093 99
10099 99
10103 99
10111 99
10133 99
10139 99
10141 99
10151 99
10159 99
10163 99
10169 99
10177 99
10181 99
10193 99
10211 100
10223 100
10243 100
10247 100
10253 100
10259 100
10267 100
10271 100
10273 100
10289 100
10301 100
10303 100
10313 100
10321 100
10331 100
10333 100
10337 100
10343 100
10357 100
10369 100
10391 100
10399 100
10427 101
10429 101
10433 101
10453 101
10457 101
10459 101
10463 101
10477 101
10487 101
10499 101
10501 101
10513 101
10529 101
10531 101
10559 101
10567 101
10589 101
10597 101
10601 101
10607 101
10613 102
10627 102
10631 102
10639 102
10651 102
10657 102
10663 102
10667 102
10687 102
10691 102
10709 102
10711 102
10723 102
10729 102
10733 102
10739 102
10753 102
10771 102
10781 102
10789 102
10799 102
10831 103
10837 103
10847 103
10853 103
10859 103
10861 103
10867 103
10883 103
10889 103
10891 103
10903 103
10909 103
10937 103
10939 103
10949 103
10957 103
10973 103
10979 103
10987 103
10993 103
11003 103
11027 104
11047 104
11057 104
11059 104
11069 104
11071 104
11083 104
11087 104
11093 104
11113 104
11117 104
11119 104
11131 104
11149 104
11159 104
11161 104
11171 104
11173 104
11177 104
11197 104
11213 104
11239 105
11243 105
11251 105
11257 105
11261 105
11273 105
11279 105
11287 105
11299 105
11311 105
11317 105
11321 105
11329 105
11351 105
11353 105
11369 105
11383 105
11393 105
11399 105
11411 105
11423 105
11437 105
11443 105
11447 105
11467 106
11471 106
11483 106
11489 106
11491 106
11497 106
11503 106
11519 106
11527 106
11549 106
11551 106
11579 106
11587 106
11593 106
11597 106
11617 106
11621 106
11633 106
11657 106
11677 107
11681 107
11689 107
11699 107
11701 107
11717 107
11719 107
11731 107
11743 107
11777 107
11779 107
11783 107
11789 107
11801 107
11807 107
11813 107
11821 107
11827 107
11831 107
11833 107
11839 107
11863 107
11867 107
11887 108
11897 108
11903 108
11909 108
11923 108
11927 108
11933 108
11939 108
11941 108
11953 108
11959 108
11969 108
11971 108
11981 108
11987 108
12007 108
12011 108
12037 108
12041 108
12043 108
12049 108
12071 108
12073 108
12097 108
12101 109
12107 109
12109 109
12113 109
12119 109
12143 109
12149 109
12157 109
12161 109
12163 109
12197 109
12203 109
12211 109
12227 109
12239 109
12241 109
12251 109
12253 109
12263 109
12269 109
12277 109
12281 109
12289 109
12301 109
12323 110
12329 110
12343 110
12347 110
12373 110
12377 110
12379 110
12391 110
12401 110
12409 110
12413 110
12421 110
12433 110
12437 110
12451 110
12457 110
12473 110
12479 110
12487 110
12491 110
12497 110
12503 110
12511 110
12517 110
12527 110
12539 110
12541 110
12547 111
12553 111
12569 111
12577 111
12583 111
12589 111
12601 111
12611 111
12613 111
12619 111
12637 111
12641 111
12647 111
12653 111
12659 111
12671 111
12689 111
12697 111
12703 111
12713 111
12721 111
12739 111
12743 111
12757 111
12763 111
12781 112
12791 112
12799 112
12809 112
12821 112
12823 112
12829 112
12841 112
12853 112
12889 112
12893 112
12899 112
12907 112
12911 112
12917 112
12919 112
12923 112
12941 112
12953 112
12959 112
12967 112
12973 112
12979 112
12983 112
13001 113
13003 113
13007 113
13009 113
13033 113
13037 113
13043 113
13049 113
13063 113
13093 113
13099 113
13103 113
13109 113
13121 113
13127 113
13147 113
13151 113
13159 113
13163 113
13171 113
13177 113
13183 113
13187 113
13217 113
13219 113
13229 114
13241 114
13249 114
13259 114
13267 114
13291 114
13297 114
13309 114
13313 114
13327 114
13331 114
13337 114
13339 114
13367 114
13381 114
13397 114
13399 114
13411 114
13417 114
13421 114
13441 114
13451 114
13457 115
13463 115
13469 115
13477 115
13487 115
13499 115
13513 115
13523 115
13537 115
13553 115
13567 115
13577 115
13591 115
13597 115
13613 115
13619 115
13627 115
13633 115
13649 115
13669 115
13679 115
13681 115
13687 115
13691 116
13693 116
13697 116
13709 116
13711 116
13721 116
13723 116
13729 116
13751 116
13757 116
13759 116
13763 116
13781 116
13789 116
13799 116
13807 116
13829 116
13831 116
13841 116
13859 116
13873 116
13877 116
13879 116
13883 116
13901 116
13903 116
13907 116
13913 116
13921 116
13931 117
13933 117
13963 117
13967 117
13997 117
13999 117
14009 117
14011 117
14029 117
14033 117
14051 117
14057 117
14071 117
14081 117
14083 117
14087 117
14107 117
14143 117
14149 117
14153 117
14159 117
14173 118
14177 118
14197 118
14207 118
14221 118
14243 118
14249 118
14251 118
14281 118
14293 118
14303 118
14321 118
14323 118
14327 118
14341 118
14347 118
14369 118
14387 118
14389 118
14401 119
14407 119
14411 119
14419 119
14423 119
14431 119
14437 119
14447 119
14449 119
14461 119
14479 119
14489 119
14503 119
14519 119
14533 119
14537 119
14543 119
14549 119
14551 119
14557 119
14561 119
14563 119
14591 119
14593 119
14621 119
14627 119
14629 119
14633 119
14639 119
14653 120
14657 120
14669 120
14683 120
14699 120
14713 120
14717 120
14723 120
14731 120
14737 120
14741 120
14747 120
14753 120
14759 120
14767 120
14771 120
14779 120
14783 120
14797 120
14813 120
14821 120
14827 120
14831 120
14843 120
14851 120
14867 120
14869 120
14879 120
14887 121
14891 121
14897 121
14923 121
14929 121
14939 121
14947 121
14951 121
14957 121
14969 121
14983 121
15013 121
15017 121
15031 121
15053 121
15061 121
15073 121
15077 121
15083 121
15091 121
15101 121
15107 121
15121 121
15131 122
15137 122
15139 122
15149 122
15161 122
15173 122
15187 122
15193 122
15199 122
15217 122
15227 122
15233 122
15241 122
15259 122
15263 122
15269 122
15271 122
15277 122
15287 122
15289 122
15299 122
15307 122
15313 122
15319 122
15329 122
15331 122
15349 122
15359 122
15361 122
15373 122
15377 123
15383 123
15391 123
15401 123
15413 123
15427 123
15439 123
15443 123
15451 123
15461 123
15467 123
15473 123
15493 123
15497 123
15511 123
15527 123
15541 123
15551 123
15559 123
15569 123
15581 123
15583 123
15601 123
15607 123
15619 123
15629 124
15641 124
15643 124
15647 124
15649 124
15661 124
15667 124
15671 124
15679 124
15683 124
15727 124
15731 124
15733 124
15737 124
15739 124
15749 124
15761 124
15767 124
15773 124
15787 124
15791 124
15797 124
15803 124
15809 124
15817 124
15823 124
15859 124
15877 125
15881 125
15887 125
15889 125
15901 125
15907 125
15913 125
15919 125
15923 125
15937 125
15959 125
15971 125
15973 125
15991 125
16001 125
16007 125
16033 125
16057 125
16061 125
16063 125
16067 125
16069 125
16073 125
16087 125
16091 125
16097 125
16103 125
16111 125
16127 125
16139 126
16141 126
16183 126
16187 126
16189 126
16193 126
16217 126
16223 126
16229 126
16231 126
16249 126
16253 126
16267 126
16273 126
16301 126
16319 126
16333 126
16339 126
16349 126
16361 126
16363 126
16369 126
16381 126
16411 127
16417 127
16421 127
16427 127
16433 127
16447 127
16451 127
16453 127
16477 127
16481 127
16487 127
16493 127
16519 127
16529 127
16547 127
16553 127
16561 127
16567 127
16573 127
16603 127
16607 127
16619 127
16631 127
16633 127
16649 128
16651 128
16657 128
16661 128
16673 128
16691 128
16693 128
16699 128
16703 128
16729 128
16741 128
16747 128
16759 128
16763 128
16787 128
16811 128
16823 128
16829 128
16831 128
16843 128
16871 128
16879 128
16883 128
16889 128
16901 129
16903 129
16921 129
16927 129
16931 129
16937 129
16943 129
16963 129
16979 129
16981 129
16987 129
16993 129
17011 129
17021 129
17027 129
17029 129
17033 129
17041 129
17047 129
17053 129
17077 129
17093 129
17099 129
17107 129
17117 129
17123 129
17137 129
17159 129
17167 130
17183 130
17189 130
17191 130
17203 130
17207 130
17209 130
17231 130
17239 130
17257 130
17291 130
17293 130
17299 130
17317 130
17321 130
17327 130
17333 130
17341 130
17351 130
17359 130
17377 130
17383 130
17387 130
17389 130
17393 130
17401 130
17417 130
17419 130
17431 131
17443 131
17449 131
17467 131
17471 131
17477 131
17483 131
17489 131
17491 131
17497 131
17509 131
17519 131
17539 131
17551 131
17569 131
17573 131
17579 131
17581 131
17597 131
17599 131
17609 131
17623 131
17627 131
17657 131
17659 131
17669 131
17681 131
17683 131
17707 132
17713 132
17729 132
17737 132
17747 132
17749 132
17761 132
17783 132
17789 132
17791 132
17807 132
17827 132
17837 132
17839 132
17851 132
17863 132
17881 132
17891 132
17903 132
17909 132
17911 132
17921 132
17923 132
17929 132
17939 132
17957 133
17959 133
17971 133
17977 133
17981 133
17987 133
17989 133
18013 133
18041 133
18043 133
18047 133
18049 133
18059 133
18061 133
18077 133
18089 133
18097 133
18119 133
18121 133
18127 133
18131 133
18133 133
18143 133
18149 133
18169 133
18181 133
18191 133
18199 133
18211 133
18217 133
18223 133
18229 134
18233 134
18251 134
18253 134
18257 134
18269 134
18287 134
18289 134
18301 134
18307 134
18311 134
18313 134
18329 134
18341 134
18353 134
18367 134
18371 134
18379 134
18397 134
18401 134
18413 134
18427 134
18433 134
18439 134
18443 134
18451 134
18457 134
18461 134
18481 134
18493 134
18503 135
18517 135
18521 135
18523 135
18539 135
18541 135
18553 135
18583 135
18587 135
18593 135
18617 135
18637 135
18661 135
18671 135
18679 135
18691 135
18701 135
18713 135
18719 135
18731 135
18743 135
18749 135
18757 135
18773 136
18787 136
18793 136
18797 136
18803 136
18839 136
18859 136
18869 136
18899 136
18911 136
18913 136
18917 136
18919 136
18947 136
18959 136
18973 136
18979 136
19001 136
19009 136
19013 136
19031 136
19037 136
19051 137
19069 137
19073 137
19079 137
19081 137
19087 137
19121 137
19139 137
19141 137
19157 137
19163 137
19181 137
19183 137
19207 137
19211 137
19213 137
19219 137
19231 137
19237 137
19249 137
19259 137
19267 137
19273 137
19289 137
19301 137
19309 137
19319 137
19333 138
19373 138
19379 138
19381 138
19387 138
19391 138
19403 138
19417 138
19421 138
19423 138
19427 138
19429 138
19433 138
19441 138
19447 138
19457 138
19463 138
19469 138
19471 138
19477 138
19483 138
19489 138
19501 138
19507 138
19531 138
19541 138
19543 138
19553 138
19559 138
19571 138
19577 138
19583 138
19597 138
19603 139
19609 139
19661 139
19681 139
19687 139
19697 139
19699 139
19709 139
19717 139
19727 139
19739 139
19751 139
19753 139
19759 139
19763 139
19777 139
19793 139
19801 139
19813 139
19819 139
19841 139
19843 139
19853 139
19861 139
19867 139
19889 140
19891 140
19913 140
19919 140
19927 140
19937 140
19949 140
19961 140
19963 140
19973 140
19979 140
19991 140
19993 140
19997 140
20011 140
20021 140
20023 140
20029 140
20047 140
20051 140
20063 140
20071 140
20089 140
20101 140
20107 140
20113 140
20117 140
20123 140
20129 140
20143 140
20147 140
20149 140
20161 140
20173 141
20177 141
20183 141
20201 141
20219 141
20231 141
20233 141
20249 141
20261 141
20269 141
20287 141
20297 141
20323 141
20327 141
20333 141
20341 141
20347 141
20353 141
20357 141
20359 141
20369 141
20389 141
20393 141
20399 141
20407 141
20411 141
20431 141
20441 141
20443 141
20477 142
20479 142
20483 142
20507 142
20509 142
20521 142
20533 142
20543 142
20549 142
20551 142
20563 142
20593 142
20599 142
20611 142
20627 142
20639 142
20641 142
20663 142
20681 142
20693 142
20707 142
20717 142
20719 142
20731 142
20743 143
20747 143
20749 143
20753 143
20759 143
20771 143
20773 143
20789 143
20807 143
20809 143
20849 143
20857 143
20873 143
20879 143
20887 143
20897 143
20899 143
20903 143
20921 143
20929 143
20939 143
20947 143
20959 143
20963 143
20981 143
20983 143
21001 143
21011 143
21013 143
21017 143
21019 143
21023 143
21031 144
21059 144
21061 144
21067 144
21089 144
21101 144
21107 144
21121 144
21139 144
21143 144
21149 144
21157 144
21163 144
21169 144
21179 144
21187 144
21191 144
21193 144
21211 144
21221 144
21227 144
21247 144
21269 144
21277 144
21283 144
21313 144
21317 145
21319 145
21323 145
21341 145
21347 145
21377 145
21379 145
21383 145
21391 145
21397 145
21401 145
21407 145
21419 145
21433 145
21467 145
21481 145
21487 145
21491 145
21493 145
21499 145
21503 145
21517 145
21521 145
21523 145
21529 145
21557 145
21559 145
21563 145
21569 145
21577 145
21587 145
21589 145
21599 145
21601 145
21611 146
21613 146
21617 146
21647 146
21649 146
21661 146
21673 146
21683 146
21701 146
21713 146
21727 146
21737 146
21739 146
21751 146
21757 146
21767 146
21773 146
21787 146
21799 146
21803 146
21817 146
21821 146
21839 146
21841 146
21851 146
21859 146
21863 146
21871 146
21881 146
21893 146
21911 147
21929 147
21937 147
21943 147
21961 147
21977 147
21991 147
21997 147
22003 147
22013 147
22027 147
22031 147
22037 147
22039 147
22051 147
22063 147
22067 147
22073 147
22079 147
22091 147
22093 147
22109 147
22111 147
22123 147
22129 147
22133 147
22147 147
22153 147
22157 147
22159 147
22171 147
22189 147
22193 147
22229 148
22247 148
22259 148
22271 148
22273 148
22277 148
22279 148
22283 148
22291 148
22303 148
22307 148
22343 148
22349 148
22367 148
22369 148
22381 148
22391 148
22397 148
22409 148
22433 148
22441 148
22447 148
22453 148
22469 148
22481 148
22483 148
22501 149
22511 149
22531 149
22541 149
22543 149
22549 149
22567 149
22571 149
22573 149
22613 149
22619 149
22621 149
22637 149
22639 149
22643 149
22651 149
22669 149
22679 149
22691 149
22697 149
22699 149
22709 149
22717 149
22721 149
22727 149
22739 149
22741 149
22751 149
22769 149
22777 149
22783 149
22787 149
22807 150
22811 150
22817 150
22853 150
22859 150
22861 150
22871 150
22877 150
22901 150
22907 150
22921 150
22937 150
22943 150
22961 150
22963 150
22973 150
22993 150
23003 150
23011 150
23017 150
23021 150
23027 150
23029 150
23039 150
23041 150
23053 150
23057 150
23059 150
23063 150
23071 150
23081 150
23087 150
23099 150
23117 151
23131 151
23143 151
23159 151
23167 151
23173 151
23189 151
23197 151
23201 151
23203 151
23209 151
23227 151
23251 151
23269 151
23279 151
23291 151
23293 151
23297 151
23311 151
23321 151
23327 151
23333 151
23339 151
23357 151
23369 151
23371 151
23399 151
23417 152
23431 152
23447 152
23459 152
23473 152
23497 152
23509 152
23531 152
23537 152
23539 152
23549 152
23557 152
23561 152
23563 152
23567 152
23581 152
23593 152
23599 152
23603 152
23609 152
23623 152
23627 152
23629 152
23633 152
23663 152
23669 152
23671 152
23677 152
23687 152
23689 152
23719 153
23741 153
23743 153
23747 153
23753 153
23761 153
23767 153
23773 153
23789 153
23801 153
23813 153
23819 153
23827 153
23831 153
23833 153
23857 153
23869 153
23873 153
23879 153
23887 153
23893 153
23899 153
23909 153
23911 153
23917 153
23929 153
23957 153
23971 153
23977 153
23981 153
23993 153
24001 153
24007 153
24019 153
24023 153
24029 154
24043 154
24049 154
24061 154
24071 154
24077 154
24083 154
24091 154
24097 154
24103 154
24107 154
24109 154
24113 154
24121 154
24133 154
24137 154
24151 154
24169 154
24179 154
24181 154
24197 154
24203 154
24223 154
24229 154
24239 154
24247 154
24251 154
24281 154
24317 154
24329 154
24337 155
24359 155
24371 155
24373 155
24379 155
24391 155
24407 155
24413 155
24419 155
24421 155
24439 155
24443 155
24469 155
24473 155
24481 155
24499 155
24509 155
24517 155
24527 155
24533 155
24547 155
24551 155
24571 155
24593 155
24611 155
24623 155
24631 155
24659 156
24671 156
24677 156
24683 156
24691 156
24697 156
24709 156
24733 156
24749 156
24763 156
24767 156
24781 156
24793 156
24799 156
24809 156
24821 156
24841 156
24847 156
24851 156
24859 156
24877 156
24889 156
24907 156
24917 156
24919 156
24923 156
24943 156
24953 156
24967 157
24971 157
24977 157
24979 157
24989 157
25013 157
25031 157
25033 157
25037 157
25057 157
25073 157
25087 157
25097 157
25111 157
25117 157
25121 157
25127 157
25147 157
25153 157
25163 157
25169 157
25171 157
25183 157
25189 157
25219 157
25229 157
25237 157
25243 157
25247 157
25253 157
25261 157
25301 158
25303 158
25307 158
25309 158
25321 158
25339 158
25343 158
25349 158
25357 158
25367 158
25373 158
25391 158
25409 158
25411 158
25423 158
25439 158
25447 158
25453 158
25457 158
25463 158
25469 158
25471 158
25523 158
25537 158
25541 158
25561 158
25577 158
25579 158
25583 158
25589 158
25601 159
25603 159
25609 159
25621 159
25633 159
25639 159
25643 159
25657 159
25667 159
25673 159
25679 159
25693 159
25703 159
25717 159
25733 159
25741 159
25747 159
25759 159
25763 159
25771 159
25793 159
25799 159
25801 159
25819 159
25841 159
25847 159
25849 159
25867 159
25873 159
25889 159
25903 159
25913 159
25919 159
25931 160
25933 160
25939 160
25943 160
25951 160
25969 160
25981 160
25997 160
25999 160
26003 160
26017 160
26021 160
26029 160
26041 160
26053 160
26083 160
26099 160
26107 160
26111 160
26113 160
26119 160
26141 160
26153 160
26161 160
26171 160
26177 160
26183 160
26189 160
26203 160
26209 160
26227 160
26237 160
26249 161
26251 161
26261 161
26263 161
26267 161
26293 161
26297 161
26309 161
26317 161
26321 161
26339 161
26347 161
26357 161
26371 161
26387 161
26393 161
26399 161
26407 161
26417 161
26423 161
26431 161
26437 161
26449 161
26459 161
26479 161
26489 161
26497 161
26501 161
26513 161
26539 161
26557 161
26561 161
26573 162
26591 162
26597 162
26627 162
26633 162
26641 162
26647 162
26669 162
26681 162
26683 162
26687 162
26693 162
26699 162
26701 162
26711 162
26713 162
26717 162
26723 162
26729 162
26731 162
26737 162
26759 162
26777 162
26783 162
26801 162
26813 162
26821 162
26833 162
26839 162
26849 162
26861 162
26863 162
26879 162
26881 162
26891 162
26893 162
26903 163
26921 163
26927 163
26947 163
26951 163
26953 163
26959 163
26981 163
26987 163
26993 163
27011 163
27017 163
27031 163
27043 163
27059 163
27061 163
27067 163
27073 163
27077 163
27091 163
27103 163
27107 163
27109 163
27127 163
27143 163
27179 163
27191 163
27197 163
27211 163
27239 164
27241 164
27253 164
27259 164
27271 164
27277 164
27281 164
27283 164
27299 164
27329 164
27337 164
27361 164
27367 164
27397 164
27407 164
27409 164
27427 164
27431 164
27437 164
27449 164
27457 164
27479 164
27481 164
27487 164
27509 164
27527 164
27529 164
27539 164
27541 164
27551 164
27581 165
27583 165
27611 165
27617 165
27631 165
27647 165
27653 165
27673 165
27689 165
27691 165
27697 165
27701 165
27733 165
27737 165
27739 165
27743 165
27749 165
27751 165
27763 165
27767 165
27773 165
27779 165
27791 165
27793 165
27799 165
27803 165
27809 165
27817 165
27823 165
27827 165
27847 165
27851 165
27883 165
27893 166
27901 166
27917 166
27919 166
27941 166
27943 166
27947 166
27953 166
27961 166
27967 166
27983 166
27997 166
28001 166
28019 166
28027 166
28031 166
28051 166
28057 166
28069 166
28081 166
28087 166
28097 166
28099 166
28109 166
28111 166
28123 166
28151 166
28163 166
28181 166
28183 166
28201 166
28211 166
28219 166
28229 167
28277 167
28279 167
28283 167
28289 167
28297 167
28307 167
28309 167
28319 167
28349 167
28351 167
28387 167
28393 167
28403 167
28409 167
28411 167
28429 167
28433 167
28439 167
28447 167
28463 167
28477 167
28493 167
28499 167
28513 167
28517 167
28537 167
28541 167
28547 167
28549 167
28559 167
28571 168
28573 168
28579 168
28591 168
28597 168
28603 168
28607 168
28619 168
28621 168
28627 168
28631 168
28643 168
28649 168
28657 168
28661 168
28663 168
28669 168
28687 168
28697 168
28703 168
28711 168
28723 168
28729 168
28751 168
28753 168
28759 168
28771 168
28789 168
28793 168
28807 168
28813 168
28817 168
28837 168
28843 168
28859 168
28867 168
28871 168
28879 168
28901 169
28909 169
28921 169
28927 169
28933 169
28949 169
28961 169
28979 169
29009 169
29017 169
29021 169
29023 169
29027 169
29033 169
29059 169
29063 169
29077 169
29101 169
29123 169
29129 169
29131 169
29137 169
29147 169
29153 169
29167 169
29173 169
29179 169
29191 169
29201 169
29207 169
29209 169
29221 169
29231 169
29243 170
29251 170
29269 170
29287 170
29297 170
29303 170
29311 170
29327 170
29333 170
29339 170
29347 170
29363 170
29383 170
29387 170
29389 170
29399 170
29401 170
29411 170
29423 170
29429 170
29437 170
29443 170
29453 170
29473 170
29483 170
29501 170
29527 170
29531 170
29537 170
29567 170
29569 170
29573 170
29581 170
29587 171
29599 171
29611 171
29629 171
29633 171
29641 171
29663 171
29669 171
29671 171
29683 171
29717 171
29723 171
29741 171
29753 171
29759 171
29761 171
29789 171
29803 171
29819 171
29833 171
29837 171
29851 171
29863 171
29867 171
29873 171
29879 171
29881 171
29917 171
29921 171
29927 171
29947 172
29959 172
29983 172
29989 172
30011 172
30013 172
30029 172
30047 172
30059 172
30071 172
30089 172
30091 172
30097 172
30103 172
30109 172
30113 172
30119 172
30133 172
30137 172
30139 172
30161 172
30169 172
30181 172
30187 172
30197 172
30203 172
30211 172
30223 172
30241 172
30253 172
30259 172
30269 172
30271 172
30293 173
30307 173
30313 173
30319 173
30323 173
30341 173
30347 173
30367 173
30389 173
30391 173
30403 173
30427 173
30431 173
30449 173
30467 173
30469 173
30491 173
30493 173
30497 173
30509 173
30517 173
30529 173
30539 173
30553 173
30557 173
30559 173
30577 173
30593 173
30631 174
30637 174
30643 174
30649 174
30661 174
30671 174
30677 174
30689 174
30697 174
30703 174
30707 174
30713 174
30727 174
30757 174
30763 174
30773 174
30781 174
30803 174
30809 174
30817 174
30829 174
30839 174
30841 174
30851 174
30853 174
30859 174
30869 174
30871 174
30881 174
30893 174
30911 174
30931 174
30937 174
30941 174
30949 174
30971 174
30977 175
30983 175
31013 175
31019 175
31033 175
31039 175
31051 175
31063 175
31069 175
31079 175
31081 175
31091 175
31121 175
31123 175
31139 175
31147 175
31151 175
31153 175
31159 175
31177 175
31181 175
31183 175
31189 175
31193 175
31219 175
31223 175
31231 175
31237 175
31247 175
31249 175
31253 175
31259 175
31267 175
31271 175
31277 175
31307 175
31319 175
31321 175
31327 175
31333 176
31337 176
31357 176
31379 176
31387 176
31391 176
31393 176
31397 176
31469 176
31477 176
31481 176
31489 176
31511 176
31513 176
31517 176
31531 176
31541 176
31543 176
31547 176
31567 176
31573 176
31583 176
31601 176
31607 176
31627 176
31643 176
31649 176
31657 176
31663 176
31667 176
31687 177
31699 177
31721 177
31723 177
31727 177
31729 177
31741 177
31751 177
31769 177
31771 177
31793 177
31799 177
31817 177
31847 177
31849 177
31859 177
31873 177
31883 177
31891 177
31907 177
31957 177
31963 177
31973 177
31981 177
31991 177
32003 177
32009 177
32027 177
32029 177
32051 178
32057 178
32059 178
32063 178
32069 178
32077 178
32083 178
32089 178
32099 178
32117 178
32119 178
32141 178
32143 178
32159 178
32173 178
32183 178
32189 178
32191 178
32203 178
32213 178
32233 178
32237 178
32251 178
32257 178
32261 178
32297 178
32299 178
32303 178
32309 178
32321 178
32323 178
32327 178
32341 178
32353 178
32359 178
32363 178
32369 178
32371 178
32377 178
32381 178
32401 179
32411 179
32413 179
32423 179
32429 179
32441 179
32443 179
32467 179
32479 179
32491 179
32497 179
32503 179
32507 179
32531 179
32533 179
32537 179
32561 179
32563 179
32569 179
32573 179
32579 179
32587 179
32603 179
32609 179
32611 179
32621 179
32633 179
32647 179
32653 179
32687 179
32693 179
32707 179
32713 179
32717 179
32719 179
32749 179
32771 180
32779 180
32783 180
32789 180
32797 180
32801 180
32803 180
32831 180
32833 180
32839 180
32843 180
32869 180
32887 180
32909 180
32911 180
32917 180
32933 180
32939 180
32941 180
32957 180
32969 180
32971 180
32983 180
32987 180
32993 180
32999 180
33013 180
33023 180
33029 180
33037 180
33049 180
33053 180
33071 180
33073 180
33083 180
33091 180
33107 180
33113 180
33119 180
33149 181
33151 181
33161 181
33179 181
33181 181
33191 181
33199 181
33203 181
33211 181
33223 181
33247 181
33287 181
33289 181
33301 181
33311 181
33317 181
33329 181
33331 181
33343 181
33347 181
33349 181
33353 181
33359 181
33377 181
33391 181
33403 181
33409 181
33413 181
33427 181
33457 181
33461 181
33469 181
33479 181
33487 181
33493 182
33503 182
33521 182
33529 182
33533 182
33547 182
33563 182
33569 182
33577 182
33581 182
33587 182
33589 182
33599 182
33601 182
33613 182
33617 182
33619 182
33623 182
33629 182
33637 182
33641 182
33647 182
33679 182
33703 182
33713 182
33721 182
33739 182
33749 182
33751 182
33757 182
33767 182
33769 182
33773 182
33791 182
33797 182
33809 182
33811 182
33827 182
33829 182
33851 182
33857 183
33863 183
33871 183
33889 183
33893 183
33911 183
33923 183
33931 183
33937 183
33941 183
33961 183
33967 183
33997 183
34019 183
34031 183
34033 183
34039 183
34057 183
34061 183
34123 183
34127 183
34129 183
34141 183
34147 183
34157 183
34159 183
34171 183
34183 183
34211 183
34213 183
34217 183
34231 184
34253 184
34259 184
34261 184
34267 184
34273 184
34283 184
34297 184
34301 184
34303 184
34313 184
34319 184
34327 184
34337 184
34351 184
34361 184
34367 184
34369 184
34381 184
34403 184
34421 184
34429 184
34439 184
34457 184
34469 184
34471 184
34483 184
34487 184
34499 184
34501 184
34511 184
34513 184
34519 184
34537 184
34543 184
34549 184
34583 184
34589 184
34591 184
34603 185
34607 185
34613 185
34631 185
34649 185
34651 185
34667 185
34673 185
34679 185
34687 185
34693 185
34703 185
34721 185
34729 185
34739 185
34747 185
34757 185
34759 185
34763 185
34781 185
34807 185
34819 185
34841 185
34843 185
34847 185
34849 185
34871 185
34877 185
34883 185
34897 185
34913 185
34919 185
34939 185
34949 185
34961 185
34963 185
34981 186
35023 186
35027 186
35051 186
35053 186
35059 186
35069 186
35081 186
35083 186
35089 186
35099 186
35107 186
35111 186
35117 186
35129 186
35141 186
35149 186
35153 186
35159 186
35171 186
35201 186
35221 186
35227 186
35251 186
35257 186
35267 186
35279 186
35281 186
35291 186
35311 186
35317 186
35323 186
35327 186
35339 186
35353 187
35363 187
35381 187
35393 187
35401 187
35407 187
35419 187
35423 187
35437 187
35447 187
35449 187
35461 187
35491 187
35507 187
35509 187
35521 187
35527 187
35531 187
35533 187
35537 187
35543 187
35569 187
35573 187
35591 187
35593 187
35597 187
35603 187
35617 187
35671 187
35677 187
35729 188
35731 188
35747 188
35753 188
35759 188
35771 188
35797 188
35801 188
35803 188
35809 188
35831 188
35837 188
35839 188
35851 188
35863 188
35869 188
35879 188
35897 188
35899 188
35911 188
35923 188
35933 188
35951 188
35963 188
35969 188
35977 188
35983 188
35993 188
35999 188
36007 188
36011 188
36013 188
36017 188
36037 188
36061 188
36067 188
36073 188
36083 188
36097 188
36107 189
36109 189
36131 189
36137 189
36151 189
36161 189
36187 189
36191 189
36209 189
36217 189
36229 189
36241 189
36251 189
36263 189
36269 189
36277 189
36293 189
36299 189
36307 189
36313 189
36319 189
36341 189
36343 189
36353 189
36373 189
36383 189
36389 189
36433 189
36451 189
36457 189
36467 189
36469 189
36473 189
36479 189
36493 190
36497 190
36523 190
36527 190
36529 190
36541 190
36551 190
36559 190
36563 190
36571 190
36583 190
36587 190
36599 190
36607 190
36629 190
36637 190
36643 190
36653 190
36671 190
36677 190
36683 190
36691 190
36697 190
36709 190
36713 190
36721 190
36739 190
36749 190
36761 190
36767 190
36779 190
36781 190
36787 190
36791 190
36793 190
36809 190
36821 190
36833 190
36847 190
36857 190
36871 191
36877 191
36887 191
36899 191
36901 191
36913 191
36919 191
36923 191
36929 191
36931 191
36943 191
36947 191
36973 191
36979 191
36997 191
37003 191
37013 191
37019 191
37021 191
37039 191
37049 191
37057 191
37061 191
37087 191
37097 191
37117 191
37123 191
37139 191
37159 191
37171 191
37181 191
37189 191
37199 191
37201 191
37217 191
37223 191
37243 191
37253 192
37273 192
37277 192
37307 192
37309 192
37313 192
37321 192
37337 192
37339 192
37357 192
37361 192
37363 192
37369 192
37379 192
37397 192
37409 192
37423 192
37441 192
37447 192
37463 192
37483 192
37489 192
37493 192
37501 192
37507 192
37511 192
37517 192
37529 192
37537 192
37547 192
37549 192
37561 192
37567 192
37571 192
37573 192
37579 192
37589 192
37591 192
37607 192
37619 192
37633 192
37643 193
37649 193
37657 193
37663 193
37691 193
37693 193
37699 193
37717 193
37747 193
37781 193
37783 193
37799 193
37811 193
37813 193
37831 193
37847 193
37853 193
37861 193
37871 193
37879 193
37889 193
37897 193
37907 193
37951 193
37957 193
37963 193
37967 193
37987 193
37991 193
37993 193
37997 193
38011 193
38039 194
38047 194
38053 194
38069 194
38083 194
38113 194
38119 194
38149 194
38153 194
38167 194
38177 194
38183 194
38189 194
38197 194
38201 194
38219 194
38231 194
38237 194
38239 194
38261 194
38273 194
38281 194
38287 194
38299 194
38303 194
38317 194
38321 194
38327 194
38329 194
38333 194
38351 194
38371 194
38377 194
38393 194
38431 195
38447 195
38449 195
38453 195
38459 195
38461 195
38501 195
38543 195
38557 195
38561 195
38567 195
38569 195
38593 195
38603 195
38609 195
38611 195
38629 195
38639 195
38651 195
38653 195
38669 195
38671 195
38677 195
38693 195
38699 195
38707 195
38711 195
38713 195
38723 195
38729 195
38737 195
38747 195
38749 195
38767 195
38783 195
38791 195
38803 195
38821 196
38833 196
38839 196
38851 196
38861 196
38867 196
38873 196
38891 196
38903 196
38917 196
38921 196
38923 196
38933 196
38953 196
38959 196
38971 196
38977 196
38993 196
39019 196
39023 196
39041 196
39043 196
39047 196
39079 196
39089 196
39097 196
39103 196
39107 196
39113 196
39119 196
39133 196
39139 196
39157 196
39161 196
39163 196
39181 196
39191 196
39199 196
39209 197
39217 197
39227 197
39229 197
39233 197
39239 197
39241 197
39251 197
39293 197
39301 197
39313 197
39317 197
39323 197
39341 197
39343 197
39359 197
39367 197
39371 197
39373 197
39383 197
39397 197
39409 197
39419 197
39439 197
39443 197
39451 197
39461 197
39499 197
39503 197
39509 197
39511 197
39521 197
39541 197
39551 197
39563 197
39569 197
39581 197
39607 198
39619 198
39623 198
39631 198
39659 198
39667 198
39671 198
39679 198
39703 198
39709 198
39719 198
39727 198
39733 198
39749 198
39761 198
39769 198
39779 198
39791 198
39799 198
39821 198
39827 198
39829 198
39839 198
39841 198
39847 198
39857 198
39863 198
39869 198
39877 198
39883 198
39887 198
39901 198
39929 198
39937 198
39953 198
39971 198
39979 198
39983 198
39989 198
40009 199
40013 199
40031 199
40037 199
40039 199
40063 199
40087 199
40093 199
40099 199
40111 199
40123 199
40127 199
40129 199
40151 199
40153 199
40163 199
40169 199
40177 199
40189 199
40193 199
40213 199
40231 199
40237 199
40241 199
40253 199
40277 199
40283 199
40289 199
40343 199
40351 199
40357 199
40361 199
40387 199
40423 200
40427 200
40429 200
40433 200
40459 200
40471 200
40483 200
40487 200
40493 200
40499 200
40507 200
40519 200
40529 200
40531 200
40543 200
40559 200
40577 200
40583 200
40591 200
40597 200
40609 200
40627 200
40637 200
40639 200
40693 200
40697 200
40699 200
40709 200
40739 200
40751 200
40759 200
40763 200
40771 200
40787 200
40801 200
40813 201
40819 201
40823 201
40829 201
40841 201
40847 201
40849 201
40853 201
40867 201
40879 201
40883 201
40897 201
40903 201
40927 201
40933 201
40939 201
40949 201
40961 201
40973 201
40993 201
41011 201
41017 201
41023 201
41039 201
41047 201
41051 201
41057 201
41077 201
41081 201
41113 201
41117 201
41131 201
41141 201
41143 201
41149 201
41161 201
41177 201
41179 201
41183 201
41189 201
41201 201
41203 201
41213 202
41221 202
41227 202
41231 202
41233 202
41243 202
41257 202
41263 202
41269 202
41281 202
41299 202
41333 202
41341 202
41351 202
41357 202
41381 202
41387 202
41389 202
41399 202
41411 202
41413 202
41443 202
41453 202
41467 202
41479 202
41491 202
41507 202
41513 202
41519 202
41521 202
41539 202
41543 202
41549 202
41579 202
41593 202
41597 202
41603 202
41609 202
41611 202
41617 203
41621 203
41627 203
41641 203
41647 203
41651 203
41659 203
41669 203
41681 203
41687 203
41719 203
41729 203
41737 203
41759 203
41761 203
41771 203
41777 203
41801 203
41809 203
41813 203
41843 203
41849 203
41851 203
41863 203
41879 203
41887 203
41893 203
41897 203
41903 203
41911 203
41927 203
41941 203
41947 203
41953 203
41957 203
41959 203
41969 203
41981 203
41983 203
41999 203
42013 203
42017 203
42019 203
42023 203
42043 204
42061 204
42071 204
42073 204
42083 204
42089 204
42101 204
42131 204
42139 204
42157 204
42169 204
42179 204
42181 204
42187 204
42193 204
42197 204
42209 204
42221 204
42223 204
42227 204
42239 204
42257 204
42281 204
42283 204
42293 204
42299 204
42307 204
42323 204
42331 204
42337 204
42349 204
42359 204
42373 204
42379 204
42391 204
42397 204
42403 204
42407 204
42409 204
42433 204
42437 205
42443 205
42451 205
42457 205
42461 205
42463 205
42467 205
42473 205
42487 205
42491 205
42499 205
42509 205
42533 205
42557 205
42569 205
42571 205
42577 205
42589 205
42611 205
42641 205
42643 205
42649 205
42667 205
42677 205
42683 205
42689 205
42697 205
42701 205
42703 205
42709 205
42719 205
42727 205
42737 205
42743 205
42751 205
42767 205
42773 205
42787 205
42793 205
42797 205
42821 205
42829 205
42839 205
42841 205
42853 206
42859 206
42863 206
42899 206
42901 206
42923 206
42929 206
42937 206
42943 206
42953 206
42961 206
42967 206
42979 206
42989 206
43003 206
43013 206
43019 206
43037 206
43049 206
43051 206
43063 206
43067 206
43093 206
43103 206
43117 206
43133 206
43151 206
43159 206
43177 206
43189 206
43201 206
43207 206
43223 206
43237 206
43261 206
43271 207
43283 207
43291 207
43313 207
43319 207
43321 207
43331 207
43391 207
43397 207
43399 207
43403 207
43411 207
43427 207
43441 207
43451 207
43457 207
43481 207
43487 207
43499 207
43517 207
43541 207
43543 207
43573 207
43577 207
43579 207
43591 207
43597 207
43607 207
43609 207
43613 207
43627 207
43633 207
43649 207
43651 207
43661 207
43669 207
43691 208
43711 208
43717 208
43721 208
43753 208
43759 208
43777 208
43781 208
43783 208
43787 208
43789 208
43793 208
43801 208
43853 208
43867 208
43889 208
43891 208
43913 208
43933 208
43943 208
43951 208
43961 208
43963 208
43969 208
43973 208
43987 208
43991 208
43997 208
44017 208
44021 208
44027 208
44029 208
44041 208
44053 208
44059 208
44071 208
44087 208
44089 208
44101 209
44111 209
44119 209
44123 209
44129 209
44131 209
44159 209
44171 209
44179 209
44189 209
44201 209
44203 209
44207 209
44221 209
44249 209
44257 209
44263 209
44267 209
44269 209
44273 209
44279 209
44281 209
44293 209
44351 209
44357 209
44371 209
44381 209
44383 209
44389 209
44417 209
44449 209
44453 209
44483 209
44491 209
44497 209
44501 209
44507 209
44519 209
44531 210
44533 210
44537 210
44543 210
44549 210
44563 210
44579 210
44587 210
44617 210
44621 210
44623 210
44633 210
44641 210
44647 210
44651 210
44657 210
44683 210
44687 210
44699 210
44701 210
44711 210
44729 210
44741 210
44753 210
44771 210
44773 210
44777 210
44789 210
44797 210
44809 210
44819 210
44839 210
44843 210
44851 210
44867 210
44879 210
44887 210
44893 210
44909 210
44917 210
44927 210
44939 210
44953 211
44959 211
44963 211
44971 211
44983 211
44987 211
45007 211
45013 211
45053 211
45061 211
45077 211
45083 211
45119 211
45121 211
45127 211
45131 211
45137 211
45139 211
45161 211
45179 211
45181 211
45191 211
45197 211
45233 211
45247 211
45259 211
45263 211
45281 211
45289 211
45293 211
45307 211
45317 211
45319 211
45329 211
45337 211
45341 211
45343 211
45361 211
45377 212
45389 212
45403 212
45413 212
45427 212
45433 212
45439 212
45481 212
45491 212
45497 212
45503 212
45523 212
45533 212
45541 212
45553 212
45557 212
45569 212
45587 212
45589 212
45599 212
45613 212
45631 212
45641 212
45659 212
45667 212
45673 212
45677 212
45691 212
45697 212
45707 212
45737 212
45751 212
45757 212
45763 212
45767 212
45779 212
45817 213
45821 213
45823 213
45827 213
45833 213
45841 213
45853 213
45863 213
45869 213
45887 213
45893 213
45943 213
45949 213
45953 213
45959 213
45971 213
45979 213
45989 213
46021 213
46027 213
46049 213
46051 213
46061 213
46073 213
46091 213
46093 213
46099 213
46103 213
46133 213
46141 213
46147 213
46153 213
46171 213
46181 213
46183 213
46187 213
46199 213
46219 213
46229 214
46237 214
46261 214
46271 214
46273 214
46279 214
46301 214
46307 214
46309 214
46327 214
46337 214
46349 214
46351 214
46381 214
46399 214
46411 214
46439 214
46441 214
46447 214
46451 214
46457 214
46471 214
46477 214
46489 214
46499 214
46507 214
46511 214
46523 214
46549 214
46559 214
46567 214
46573 214
46589 214
46591 214
46601 214
46619 214
46633 214
46639 214
46643 214
46649 214
46663 215
46679 215
46681 215
46687 215
46691 215
46703 215
46723 215
46727 215
46747 215
46751 215
46757 215
46769 215
46771 215
46807 215
46811 215
46817 215
46819 215
46829 215
46831 215
46853 215
46861 215
46867 215
46877 215
46889 215
46901 215
46919 215
46933 215
46957 215
46993 215
46997 215
47017 215
47041 215
47051 215
47057 215
47059 215
47087 215
47093 216
47111 216
47119 216
47123 216
47129 216
47137 216
47143 216
47147 216
47149 216
47161 216
47189 216
47207 216
47221 216
47237 216
47251 216
47269 216
47279 216
47287 216
47293 216
47297 216
47303 216
47309 216
47317 216
47339 216
47351 216
47353 216
47363 216
47381 216
47387 216
47389 216
47407 216
47417 216
47419 216
47431 216
47441 216
47459 216
47491 216
47497 216
47501 216
47507 216
47513 216
47521 216
47527 217
47533 217
47543 217
47563 217
47569 217
47581 217
47591 217
47599 217
47609 217
47623 217
47629 217
47639 217
47653 217
47657 217
47659 217
47681 217
47699 217
47701 217
47711 217
47713 217
47717 217
47737 217
47741 217
47743 217
47777 217
47779 217
47791 217
47797 217
47807 217
47809 217
47819 217
47837 217
47843 217
47857 217
47869 217
47881 217
47903 217
47911 217
47917 217
47933 217
47939 217
47947 217
47951 217
47963 218
47969 218
47977 218
47981 218
48017 218
48023 218
48029 218
48049 218
48073 218
48079 218
48091 218
48109 218
48119 218
48121 218
48131 218
48157 218
48163 218
48179 218
48187 218
48193 218
48197 218
48221 218
48239 218
48247 218
48259 218
48271 218
48281 218
48299 218
48311 218
48313 218
48337 218
48341 218
48353 218
48371 218
48383 218
48397 218
48407 219
48409 219
48413 219
48437 219
48449 219
48463 219
48473 219
48479 219
48481 219
48487 219
48491 219
48497 219
48523 219
48527 219
48533 219
48539 219
48541 219
48563 219
48571 219
48589 219
48593 219
48611 219
48619 219
48623 219
48647 219
48649 219
48661 219
48673 219
48677 219
48679 219
48731 219
48733 219
48751 219
48757 219
48761 219
48767 219
48779 219
48781 219
48787 219
48799 219
48809 219
48817 219
48821 219
48823 219
48847 220
48857 220
48859 220
48869 220
48871 220
48883 220
48889 220
48907 220
48947 220
48953 220
48973 220
48989 220
48991 220
49003 220
49009 220
49019 220
49031 220
49033 220
49037 220
49043 220
49057 220
49069 220
49081 220
49103 220
49109 220
49117 220
49121 220
49123 220
49139 220
49157 220
49169 220
49171 220
49177 220
49193 220
49199 220
49201 220
49207 220
49211 220
49223 220
49253 220
49261 220
49277 220
49279 220
49297 221
49307 221
49331 221
49333 221
49339 221
49363 221
49367 221
49369 221
49391 221
49393 221
49409 221
49411 221
49417 221
49429 221
49433 221
49451 221
49459 221
49463 221
49477 221
49481 221
49499 221
49523 221
49529 221
49531 221
49537 221
49547 221
49549 221
49559 221
49597 221
49603 221
49613 221
49627 221
49633 221
49639 221
49663 221
49667 221
49669 221
49681 221
49697 221
49711 221
49727 221
49739 222
49741 222
49747 222
49757 222
49783 222
49787 222
49789 222
49801 222
49807 222
49811 222
49823 222
49831 222
49843 222
49853 222
49871 222
49877 222
49891 222
49919 222
49921 222
49927 222
49937 222
49939 222
49943 222
49957 222
49991 222
49993 222
49999 222
50021 222
50023 222
50033 222
50047 222
50051 222
50053 222
50069 222
50077 222
50087 222
50093 222
50101 222
50111 222
50119 222
50123 222
50129 222
50131 222
50147 222
50153 222
50159 222
50177 223
50207 223
50221 223
50227 223
50231 223
50261 223
50263 223
50273 223
50287 223
50291 223
50311 223
50321 223
50329 223
50333 223
50341 223
50359 223
50363 223
50377 223
50383 223
50387 223
50411 223
50417 223
50423 223
50441 223
50459 223
50461 223
50497 223
50503 223
50513 223
50527 223
50539 223
50543 223
50549 223
50551 223
50581 223
50587 223
50591 223
50593 223
50599 223
50627 224
50647 224
50651 224
50671 224
50683 224
50707 224
50723 224
50741 224
50753 224
50767 224
50773 224
50777 224
50789 224
50821 224
50833 224
50839 224
50849 224
50857 224
50867 224
50873 224
50891 224
50893 224
50909 224
50923 224
50929 224
50951 224
50957 224
50969 224
50971 224
50989 224
50993 224
51001 224
51031 224
51043 224
51047 224
51059 224
51061 224
51071 224
51109 225
51131 225
51133 225
51137 225
51151 225
51157 225
51169 225
51193 225
51197 225
51199 225
51203 225
51217 225
51229 225
51239 225
51241 225
51257 225
51263 225
51283 225
51287 225
51307 225
51329 225
51341 225
51343 225
51347 225
51349 225
51361 225
51383 225
51407 225
51413 225
51419 225
51421 225
51427 225
51431 225
51437 225
51439 225
51449 225
51461 225
51473 225
51479 225
51481 225
51487 225
51503 225
51511 225
51517 225
51521 225
51539 226
51551 226
51563 226
51577 226
51581 226
51593 226
51599 226
51607 226
51613 226
51631 226
51637 226
51647 226
51659 226
51673 226
51679 226
51683 226
51691 226
51713 226
51719 226
51721 226
51749 226
51767 226
51769 226
51787 226
51797 226
51803 226
51817 226
51827 226
51829 226
51839 226
51853 226
51859 226
51869 226
51871 226
51893 226
51899 226
51907 226
51913 226
51929 226
51941 226
51949 226
51971 226
51973 226
51977 226
51991 227
52009 227
52021 227
52027 227
52051 227
52057 227
52067 227
52069 227
52081 227
52103 227
52121 227
52127 227
52147 227
52153 227
52163 227
52177 227
52181 227
52183 227
52189 227
52201 227
52223 227
52237 227
52249 227
52253 227
52259 227
52267 227
52289 227
52291 227
52301 227
52313 227
52321 227
52361 227
52363 227
52369 227
52379 227
52387 227
52391 227
52433 227
52453 228
52457 228
52489 228
52501 228
52511 228
52517 228
52529 228
52541 228
52543 228
52553 228
52561 228
52567 228
52571 228
52579 228
52583 228
52609 228
52627 228
52631 228
52639 228
52667 228
52673 228
52691 228
52697 228
52709 228
52711 228
52721 228
52727 228
52733 228
52747 228
52757 228
52769 228
52783 228
52807 228
52813 228
52817 228
52837 228
52859 228
52861 228
52879 228
52883 228
52889 228
52901 229
52903 229
52919 229
52937 229
52951 229
52957 229
52963 229
52967 229
52973 229
52981 229
52999 229
53003 229
53017 229
53047 229
53051 229
53069 229
53077 229
53087 229
53089 229
53093 229
53101 229
53113 229
53117 229
53129 229
53147 229
53149 229
53161 229
53171 229
53173 229
53189 229
53197 229
53201 229
53231 229
53233 229
53239 229
53267 229
53269 229
53279 229
53281 229
53299 229
53309 229
53323 229
53327 229
53353 229
53359 229
53377 230
53381 230
53401 230
53407 230
53411 230
53419 230
53437 230
53441 230
53453 230
53479 230
53503 230
53507 230
53527 230
53549 230
53551 230
53569 230
53591 230
53593 230
53597 230
53609 230
53611 230
53617 230
53623 230
53629 230
53633 230
53639 230
53653 230
53657 230
53681 230
53693 230
53699 230
53717 230
53719 230
53731 230
53759 230
53773 230
53777 230
53783 230
53791 230
53813 230
53819 230
53831 231
53849 231
53857 231
53861 231
53881 231
53887 231
53891 231
53897 231
53899 231
53917 231
53923 231
53927 231
53939 231
53951 231
53959 231
53987 231
53993 231
54001 231
54011 231
54013 231
54037 231
54049 231
54059 231
54083 231
54091 231
54101 231
54121 231
54133 231
54139 231
54151 231
54163 231
54167 231
54181 231
54193 231
54217 231
54251 231
54269 231
54277 231
54287 231
54293 232
54311 232
54319 232
54323 232
54331 232
54347 232
54361 232
54367 232
54371 232
54377 232
54401 232
54403 232
54409 232
54413 232
54419 232
54421 232
54437 232
54443 232
54449 232
54469 232
54493 232
54497 232
54499 232
54503 232
54517 232
54521 232
54539 232
54541 232
54547 232
54559 232
54563 232
54577 232
54581 232
54583 232
54601 232
54617 232
54623 232
54629 232
54631 232
54647 232
54667 232
54673 232
54679 232
54709 232
54713 232
54721 232
54727 232
54751 232
54767 233
54773 233
54779 233
54787 233
54799 233
54829 233
54833 233
54851 233
54869 233
54877 233
54881 233
54907 233
54917 233
54919 233
54941 233
54949 233
54959 233
54973 233
54979 233
54983 233
55001 233
55009 233
55021 233
55049 233
55051 233
55057 233
55061 233
55073 233
55079 233
55103 233
55109 233
55117 233
55127 233
55147 233
55163 233
55171 233
55201 233
55207 233
55213 233
55217 233
55219 233
55229 234
55243 234
55249 234
55259 234
55291 234
55313 234
55331 234
55333 234
55337 234
55339 234
55343 234
55351 234
55373 234
55381 234
55399 234
55411 234
55439 234
55441 234
55457 234
55469 234
55487 234
55501 234
55511 234
55529 234
55541 234
55547 234
55579 234
55589 234
55603 234
55609 234
55619 234
55621 234
55631 234
55633 234
55639 234
55661 234
55663 234
55667 234
55673 234
55681 234
55691 234
55697 235
55711 235
55717 235
55721 235
55733 235
55763 235
55787 235
55793 235
55799 235
55807 235
55813 235
55817 235
55819 235
55823 235
55829 235
55837 235
55843 235
55849 235
55871 235
55889 235
55897 235
55901 235
55903 235
55921 235
55927 235
55931 235
55933 235
55949 235
55967 235
55987 235
55997 235
56003 235
56009 235
56039 235
56041 235
56053 235
56081 235
56087 235
56093 235
56099 235
56101 235
56113 235
56123 235
56131 235
56149 235
56167 235
56171 236
56179 236
56197 236
56207 236
56209 236
56237 236
56239 236
56249 236
56263 236
56267 236
56269 236
56299 236
56311 236
56333 236
56359 236
56369 236
56377 236
56383 236
56393 236
56401 236
56417 236
56431 236
56437 236
56443 236
56453 236
56467 236
56473 236
56477 236
56479 236
56489 236
56501 236
56503 236
56509 236
56519 236
56527 236
56531 236
56533 236
56543 236
56569 236
56591 236
56597 236
56599 236
56611 236
56629 236
56633 236
56659 237
56663 237
56671 237
56681 237
56687 237
56701 237
56711 237
56713 237
56731 237
56737 237
56747 237
56767 237
56773 237
56779 237
56783 237
56807 237
56809 237
56813 237
56821 237
56827 237
56843 237
56857 237
56873 237
56891 237
56893 237
56897 237
56909 237
56911 237
56921 237
56923 237
56929 237
56941 237
56951 237
56957 237
56963 237
56983 237
56989 237
56993 237
56999 237
57037 237
57041 237
57047 237
57059 237
57073 237
57077 237
57089 237
57097 237
57107 237
57119 237
57131 238
57139 238
57143 238
57149 238
57163 238
57173 238
57179 238
57191 238
57193 238
57203 238
57221 238
57223 238
57241 238
57251 238
57259 238
57269 238
57271 238
57283 238
57287 238
57301 238
57329 238
57331 238
57347 238
57349 238
57367 238
57373 238
57383 238
57389 238
57397 238
57413 238
57427 238
57457 238
57467 238
57487 238
57493 238
57503 238
57527 238
57529 238
57557 238
57559 238
57571 238
57587 238
57593 238
57601 239
57637 239
57641 239
57649 239
57653 239
57667 239
57679 239
57689 239
57697 239
57709 239
57713 239
57719 239
57727 239
57731 239
57737 239
57751 239
57773 239
57781 239
57787 239
57791 239
57793 239
57803 239
57809 239
57829 239
57839 239
57847 239
57853 239
57859 239
57881 239
57899 239
57901 239
57917 239
57923 239
57943 239
57947 239
57973 239
57977 239
57991 239
58013 239
58027 239
58031 239
58043 239
58049 239
58057 239
58061 239
58067 239
58073 239
58099 240
58109 240
58111 240
58129 240
58147 240
58151 240
58153 240
58169 240
58171 240
58189 240
58193 240
58199 240
58207 240
58211 240
58217 240
58229 240
58231 240
58237 240
58243 240
58271 240
58309 240
58313 240
58321 240
58337 240
58363 240
58367 240
58369 240
58379 240
58391 240
58393 240
58403 240
58411 240
58417 240
58427 240
58439 240
58441 240
58451 240
58453 240
58477 240
58481 240
58511 240
58537 240
58543 240
58549 240
58567 241
58573 241
58579 241
58601 241
58603 241
58613 241
58631 241
58657 241
58661 241
58679 241
58687 241
58693 241
58699 241
58711 241
58727 241
58733 241
58741 241
58757 241
58763 241
58771 241
58787 241
58789 241
58831 241
58889 241
58897 241
58901 241
58907 241
58909 241
58913 241
58921 241
58937 241
58943 241
58963 241
58967 241
58979 241
58991 241
58997 241
59009 241
59011 241
59021 241
59023 241
59029 241
59051 242
59053 242
59063 242
59069 242
59077 242
59083 242
59093 242
59107 242
59113 242
59119 242
59123 242
59141 242
59149 242
59159 242
59167 242
59183 242
59197 242
59207 242
59209 242
59219 242
59221 242
59233 242
59239 242
59243 242
59263 242
59273 242
59281 242
59333 242
59341 242
59351 242
59357 242
59359 242
59369 242
59377 242
59387 242
59393 242
59399 242
59407 242
59417 242
59419 242
59441 242
59443 242
59447 242
59453 242
59467 242
59471 242
59473 242
59497 242
59509 242
59513 242
59539 243
59557 243
59561 243
59567 243
59581 243
59611 243
59617 243
59621 243
59627 243
59629 243
59651 243
59659 243
59663 243
59669 243
59671 243
59693 243
59699 243
59707 243
59723 243
59729 243
59743 243
59747 243
59753 243
59771 243
59779 243
59791 243
59797 243
59809 243
59833 243
59863 243
59879 243
59887 243
59921 243
59929 243
59951 243
59957 243
59971 243
59981 243
59999 243
60013 243
60017 243
60029 244
60037 244
60041 244
60077 244
60083 244
60089 244
60091 244
60101 244
60103 244
60107 244
60127 244
60133 244
60139 244
60149 244
60161 244
60167 244
60169 244
60209 244
60217 244
60223 244
60251 244
60257 244
60259 244
60271 244
60289 244
60293 244
60317 244
60331 244
60337 244
60343 244
60353 244
60373 244
60383 244
60397 244
60413 244
60427 244
60443 244
60449 244
60457 244
60493 244
60497 244
60509 244
60521 245
60527 245
60539 245
60589 245
60601 245
60607 245
60611 245
60617 245
60623 245
60631 245
60637 245
60647 245
60649 245
60659 245
60661 245
60679 245
60689 245
60703 245
60719 245
60727 245
60733 245
60737 245
60757 245
60761 245
60763 245
60773 245
60779 245
60793 245
60811 245
60821 245
60859 245
60869 245
60887 245
60889 245
60899 245
60901 245
60913 245
60917 245
60919 245
60923 245
60937 245
60943 245
60953 245
60961 245
61001 245
61007 245
61027 246
61031 246
61043 246
61051 246
61057 246
61091 246
61099 246
61121 246
61129 246
61141 246
61151 246
61153 246
61169 246
61211 246
61223 246
61231 246
61253 246
61261 246
61283 246
61291 246
61297 246
61331 246
61333 246
61339 246
61343 246
61357 246
61363 246
61379 246
61381 246
61403 246
61409 246
61417 246
61441 246
61463 246
61469 246
61471 246
61483 246
61487 246
61493 246
61507 247
61511 247
61519 247
61543 247
61547 247
61553 247
61559 247
61561 247
61583 247
61603 247
61609 247
61613 247
61627 247
61631 247
61637 247
61643 247
61651 247
61657 247
61667 247
61673 247
61681 247
61687 247
61703 247
61717 247
61723 247
61729 247
61751 247
61757 247
61781 247
61813 247
61819 247
61837 247
61843 247
61861 247
61871 247
61879 247
61909 247
61927 247
61933 247
61949 247
61961 247
61967 247
61979 247
61981 247
61987 247
61991 247
62003 248
62011 248
62017 248
62039 248
62047 248
62053 248
62057 248
62071 248
62081 248
62099 248
62119 248
62129 248
62131 248
62137 248
62141 248
62143 248
62171 248
62189 248
62191 248
62201 248
62207 248
62213 248
62219 248
62233 248
62273 248
62297 248
62299 248
62303 248
62311 248
62323 248
62327 248
62347 248
62351 248
62383 248
62401 248
62417 248
62423 248
62459 248
62467 248
62473 248
62477 248
62483 248
62497 248
62501 249
62507 249
62533 249
62539 249
62549 249
62563 249
62581 249
62591 249
62597 249
62603 249
62617 249
62627 249
62633 249
62639 249
62653 249
62659 249
62683 249
62687 249
62701 249
62723 249
62731 249
62743 249
62753 249
62761 249
62773 249
62791 249
62801 249
62819 249
62827 249
62851 249
62861 249
62869 249
62873 249
62897 249
62903 249
62921 249
62927 249
62929 249
62939 249
62969 249
62971 249
62981 249
62983 249
62987 249
62989 249
63029 250
63031 250
63059 250
63067 250
63073 250
63079 250
63097 250
63103 250
63113 250
63127 250
63131 250
63149 250
63179 250
63197 250
63199 250
63211 250
63241 250
63247 250
63277 250
63281 250
63299 250
63311 250
63313 250
63317 250
63331 250
63337 250
63347 250
63353 250
63361 250
63367 250
63377 250
63389 250
63391 250
63397 250
63409 250
63419 250
63421 250
63439 250
63443 250
63463 250
63467 250
63473 250
63487 250
63493 250
63499 250
63521 251
63527 251
63533 251
63541 251
63559 251
63577 251
63587 251
63589 251
63599 251
63601 251
63607 251
63611 251
63617 251
63629 251
63647 251
63649 251
63659 251
63667 251
63671 251
63689 251
63691 251
63697 251
63703 251
63709 251
63719 251
63727 251
63737 251
63743 251
63761 251
63773 251
63781 251
63793 251
63799 251
63803 251
63809 251
63823 251
63839 251
63841 251
63853 251
63857 251
63863 251
63901 251
63907 251
63913 251
63929 251
63949 251
63977 251
63997 251
64007 251
64013 252
64019 252
64033 252
64037 252
64063 252
64067 252
64081 252
64091 252
64109 252
64123 252
64151 252
64153 252
64157 252
64171 252
64187 252
64189 252
64217 252
64223 252
64231 252
64237 252
64271 252
64279 252
64283 252
64301 252
64303 252
64319 252
64327 252
64333 252
64373 252
64381 252
64399 252
64403 252
64433 252
64439 252
64451 252
64453 252
64483 252
64489 252
64499 252
64513 252
64553 253
64567 253
64577 253
64579 253
64591 253
64601 253
64609 253
64613 253
64621 253
64627 253
64633 253
64661 253
64663 253
64667 253
64679 253
64693 253
64709 253
64717 253
64747 253
64763 253
64781 253
64783 253
64793 253
64811 253
64817 253
64849 253
64853 253
64871 253
64877 253
64879 253
64891 253
64901 253
64919 253
64921 253
64927 253
64937 253
64951 253
64969 253
64997 253
65003 253
65011 253
65027 254
65029 254
65033 254
65053 254
65063 254
65071 254
65089 254
65099 254
65101 254
65111 254
65119 254
65123 254
65129 254
65141 254
65147 254
65167 254
65171 254
65173 254
65179 254
65183 254
65203 254
65213 254
65239 254
65257 254
65267 254
65269 254
65287 254
65293 254
65309 254
65323 254
65327 254
65353 254
65357 254
65371 254
65381 254
65393 254
65407 254
65413 254
65419 254
65423 254
65437 254
65447 254
65449 254
65479 254
65497 254
65519 254
65521 254
65537 255
65539 255
65543 255
65551 255
65557 255
65563 255
65579 255
65581 255
65587 255
65599 255
65609 255
65617 255
65629 255
65633 255
65647 255
65651 255
65657 255
65677 255
65687 255
65699 255
65701 255
65707 255
65713 255
65717 255
65719 255
65729 255
65731 255
65761 255
65777 255
65789 255
65809 255
65827 255
65831 255
65837 255
65839 255
65843 255
65851 255
65867 255
65881 255
65899 255
65921 255
65927 255
65929 255
65951 255
65957 255
65963 255
65981 255
65983 255
65993 255
66029 255
66037 255
66041 255
66047 255
66067 256
66071 256
66083 256
66089 256
66103 256
66107 256
66109 256
66137 256
66161 256
66169 256
66173 256
66179 256
66191 256
66221 256
66239 256
66271 256
66293 256
66301 256
66337 256
66343 256
66347 256
66359 256
66361 256
66373 256
66377 256
66383 256
66403 256
66413 256
66431 256
66449 256
66457 256
66463 256
66467 256
66491 256
66499 256
66509 256
66523 256
66529 256
66533 256
66541 256
66553 256
66569 257
66571 257
66587 257
66593 257
66601 257
66617 257
66629 257
66643 257
66653 257
66683 257
66697 257
66701 257
66713 257
66721 257
66733 257
66739 257
66749 257
66751 257
66763 257
66791 257
66797 257
66809 257
66821 257
66841 257
66851 257
66853 257
66863 257
66877 257
66883 257
66889 257
66919 257
66923 257
66931 257
66943 257
66947 257
66949 257
66959 257
66973 257
66977 257
67003 257
67021 257
67033 257
67043 257
67049 257
67057 257
67061 257
67073 257
67079 257
67103 258
67121 258
67129 258
67139 258
67141 258
67153 258
67157 258
67169 258
67181 258
67187 258
67189 258
67211 258
67213 258
67217 258
67219 258
67231 258
67247 258
67261 258
67271 258
67273 258
67289 258
67307 258
67339 258
67343 258
67349 258
67369 258
67391 258
67399 258
67409 258
67411 258
67421 258
67427 258
67429 258
67433 258
67447 258
67453 258
67477 258
67481 258
67489 258
67493 258
67499 258
67511 258
67523 258
67531 258
67537 258
67547 258
67559 258
67567 258
67577 258
67579 258
67589 258
67601 259
67607 259
67619 259
67631 259
67651 259
67679 259
67699 259
67709 259
67723 259
67733 259
67741 259
67751 259
67757 259
67759 259
67763 259
67777 259
67783 259
67789 259
67801 259
67807 259
67819 259
67829 259
67843 259
67853 259
67867 259
67883 259
67891 259
67901 259
67927 259
67931 259
67933 259
67939 259
67943 259
67957 259
67961 259
67967 259
67979 259
67987 259
67993 259
68023 259
68041 259
68053 259
68059 259
68071 259
68087 259
68099 259
68111 259
68113 259
68141 260
68147 260
68161 260
68171 260
68207 260
68209 260
68213 260
68219 260
68227 260
68239 260
68261 260
68279 260
68281 260
68311 260
68329 260
68351 260
68371 260
68389 260
68399 260
68437 260
68443 260
68447 260
68449 260
68473 260
68477 260
68483 260
68489 260
68491 260
68501 260
68507 260
68521 260
68531 260
68539 260
68543 260
68567 260
68581 260
68597 260
68611 260
68633 260
68639 260
68659 261
68669 261
68683 261
68687 261
68699 261
68711 261
68713 261
68729 261
68737 261
68743 261
68749 261
68767 261
68771 261
68777 261
68791 261
68813 261
68819 261
68821 261
68863 261
68879 261
68881 261
68891 261
68897 261
68899 261
68903 261
68909 261
68917 261
68927 261
68947 261
68963 261
68993 261
69001 261
69011 261
69019 261
69029 261
69031 261
69061 261
69067 261
69073 261
69109 261
69119 261
69127 261
69143 261
69149 261
69151 261
69163 261
69191 262
69193 262
69197 262
69203 262
69221 262
69233 262
69239 262
69247 262
69257 262
69259 262
69263 262
69313 262
69317 262
69337 262
69341 262
69371 262
69379 262
69383 262
69389 262
69401 262
69403 262
69427 262
69431 262
69439 262
69457 262
69463 262
69467 262
69473 262
69481 262
69491 262
69493 262
69497 262
69499 262
69539 262
69557 262
69593 262
69623 262
69653 262
69661 262
69677 262
69691 262
69697 263
69709 263
69737 263
69739 263
69761 263
69763 263
69767 263
69779 263
69809 263
69821 263
69827 263
69829 263
69833 263
69847 263
69857 263
69859 263
69877 263
69899 263
69911 263
69929 263
69931 263
69941 263
69959 263
69991 263
69997 263
70001 263
70003 263
70009 263
70019 263
70039 263
70051 263
70061 263
70067 263
70079 263
70099 263
70111 263
70117 263
70121 263
70123 263
70139 263
70141 263
70157 263
70163 263
70177 263
70181 263
70183 263
70199 263
70201 263
70207 263
70223 263
70229 264
70237 264
70241 264
70249 264
70271 264
70289 264
70297 264
70309 264
70313 264
70321 264
70327 264
70351 264
70373 264
70379 264
70381 264
70393 264
70423 264
70429 264
70439 264
70451 264
70457 264
70459 264
70481 264
70487 264
70489 264
70501 264
70507 264
70529 264
70537 264
70549 264
70571 264
70573 264
70583 264
70589 264
70607 264
70619 264
70621 264
70627 264
70639 264
70657 264
70663 264
70667 264
70687 264
70709 264
70717 264
70729 264
70753 264
70769 265
70783 265
70793 265
70823 265
70841 265
70843 265
70849 265
70853 265
70867 265
70877 265
70879 265
70891 265
70901 265
70913 265
70919 265
70921 265
70937 265
70949 265
70951 265
70957 265
70969 265
70979 265
70981 265
70991 265
70997 265
70999 265
71011 265
71023 265
71039 265
71059 265
71069 265
71081 265
71089 265
71119 265
71129 265
71143 265
71147 265
71153 265
71161 265
71167 265
71171 265
71191 265
71209 265
71233 265
71237 265
71249 265
71257 265
71261 265
71263 265
71287 265
71293 266
71317 266
71327 266
71329 266
71333 266
71339 266
71341 266
71347 266
71353 266
71359 266
71363 266
71387 266
71389 266
71399 266
71411 266
71413 266
71419 266
71429 266
71437 266
71443 266
71453 266
71471 266
71473 266
71479 266
71483 266
71503 266
71527 266
71537 266
71549 266
71551 266
71563 266
71569 266
71593 266
71597 266
71633 266
71647 266
71663 266
71671 266
71693 266
71699 266
71707 266
71711 266
71713 266
71719 266
71741 266
71761 266
71777 266
71789 266
71807 266
71809 266
71821 266
71837 267
71843 267
71849 267
71861 267
71867 267
71879 267
71881 267
71887 267
71899 267
71909 267
71917 267
71933 267
71941 267
71947 267
71963 267
71971 267
71983 267
71987 267
71993 267
71999 267
72019 267
72031 267
72043 267
72047 267
72053 267
72073 267
72077 267
72089 267
72091 267
72101 267
72103 267
72109 267
72139 267
72161 267
72167 267
72169 267
72173 267
72211 267
72221 267
72223 267
72227 267
72229 267
72251 267
72253 267
72269 267
72271 267
72277 267
72287 267
72307 267
72313 267
72337 267
72341 267
72353 267
72367 268
72379 268
72383 268
72421 268
72431 268
72461 268
72467 268
72469 268
72481 268
72493 268
72497 268
72503 268
72533 268
72547 268
72551 268
72559 268
72577 268
72613 268
72617 268
72623 268
72643 268
72647 268
72649 268
72661 268
72671 268
72673 268
72679 268
72689 268
72701 268
72707 268
72719 268
72727 268
72733 268
72739 268
72763 268
72767 268
72797 268
72817 268
72823 268
72859 268
72869 268
72871 268
72883 268
72889 268
72893 268
72901 269
72907 269
72911 269
72923 269
72931 269
72937 269
72949 269
72953 269
72959 269
72973 269
72977 269
72997 269
73009 269
73013 269
73019 269
73037 269
73039 269
73043 269
73061 269
73063 269
73079 269
73091 269
73121 269
73127 269
73133 269
73141 269
73181 269
73189 269
73237 269
73243 269
73259 269
73277 269
73291 269
73303 269
73309 269
73327 269
73331 269
73351 269
73361 269
73363 269
73369 269
73379 269
73387 269
73417 269
73421 269
73433 269
73453 270
73459 270
73471 270
73477 270
73483 270
73517 270
73523 270
73529 270
73547 270
73553 270
73561 270
73571 270
73583 270
73589 270
73597 270
73607 270
73609 270
73613 270
73637 270
73643 270
73651 270
73673 270
73679 270
73681 270
73693 270
73699 270
73709 270
73721 270
73727 270
73751 270
73757 270
73771 270
73783 270
73819 270
73823 270
73847 270
73849 270
73859 270
73867 270
73877 270
73883 270
73897 270
73907 270
73939 270
73943 270
73951 270
73961 270
73973 270
73999 271
74017 271
74021 271
74027 271
74047 271
74051 271
74071 271
74077 271
74093 271
74099 271
74101 271
74131 271
74143 271
74149 271
74159 271
74161 271
74167 271
74177 271
74189 271
74197 271
74201 271
74203 271
74209 271
74219 271
74231 271
74257 271
74279 271
74287 271
74293 271
74297 271
74311 271
74317 271
74323 271
74353 271
74357 271
74363 271
74377 271
74381 271
74383 271
74411 271
74413 271
74419 271
74441 271
74449 271
74453 271
74471 271
74489 271
74507 271
74509 271
74521 271
74527 271
74531 272
74551 272
74561 272
74567 272
74573 272
74587 272
74597 272
74609 272
74611 272
74623 272
74653 272
74687 272
74699 272
74707 272
74713 272
74717 272
74719 272
74729 272
74731 272
74747 272
74759 272
74761 272
74771 272
74779 272
74797 272
74821 272
74827 272
74831 272
74843 272
74857 272
74861 272
74869 272
74873 272
74887 272
74891 272
74897 272
74903 272
74923 272
74929 272
74933 272
74941 272
74959 272
75011 272
75013 272
75017 272
75029 272
75037 272
75041 272
75079 273
75083 273
75109 273
75133 273
75149 273
75161 273
75167 273
75169 273
75181 273
75193 273
75209 273
75211 273
75217 273
75223 273
75227 273
75239 273
75253 273
75269 273
75277 273
75289 273
75307 273
75323 273
75329 273
75337 273
75347 273
75353 273
75367 273
75377 273
75389 273
75391 273
75401 273
75403 273
75407 273
75431 273
75437 273
75479 273
75503 273
75511 273
75521 273
75527 273
75533 273
75539 273
75541 273
75553 273
75557 273
75571 273
75577 273
75583 273
75611 273
75617 273
75619 273
75629 274
75641 274
75653 274
75659 274
75679 274
75683 274
75689 274
75703 274
75707 274
75709 274
75721 274
75731 274
75743 274
75767 274
75773 274
75781 274
75787 274
75793 274
75797 274
75821 274
75833 274
75853 274
75869 274
75883 274
75913 274
75931 274
75937 274
75941 274
75967 274
75979 274
75983 274
75989 274
75991 274
75997 274
76001 274
76003 274
76031 274
76039 274
76079 274
76081 274
76091 274
76099 274
76103 274
76123 274
76129 274
76147 274
76157 274
76159 274
76163 274
76207 275
76213 275
76231 275
76243 275
76249 275
76253 275
76259 275
76261 275
76283 275
76289 275
76303 275
76333 275
76343 275
76367 275
76369 275
76379 275
76387 275
76403 275
76421 275
76423 275
76441 275
76463 275
76471 275
76481 275
76487 275
76493 275
76507 275
76511 275
76519 275
76537 275
76541 275
76543 275
76561 275
76579 275
76597 275
76603 275
76607 275
76631 275
76649 275
76651 275
76667 275
76673 275
76679 275
76697 275
76717 275
76733 276
76753 276
76757 276
76771 276
76777 276
76781 276
76801 276
76819 276
76829 276
76831 276
76837 276
76847 276
76871 276
76873 276
76883 276
76907 276
76913 276
76919 276
76943 276
76949 276
76961 276
76963 276
76991 276
77003 276
77017 276
77023 276
77029 276
77041 276
77047 276
77069 276
77081 276
77093 276
77101 276
77137 276
77141 276
77153 276
77167 276
77171 276
77191 276
77201 276
77213 276
77237 276
77239 276
77243 276
77249 276
77261 276
77263 276
77267 276
77269 276
77279 276
77291 277
77317 277
77323 277
77339 277
77347 277
77351 277
77359 277
77369 277
77377 277
77383 277
77417 277
77419 277
77431 277
77447 277
77471 277
77477 277
77479 277
77489 277
77491 277
77509 277
77513 277
77521 277
77527 277
77543 277
77549 277
77551 277
77557 277
77563 277
77569 277
77573 277
77587 277
77591 277
77611 277
77617 277
77621 277
77641 277
77647 277
77659 277
77681 277
77687 277
77689 277
77699 277
77711 277
77713 277
77719 277
77723 277
77731 277
77743 277
77747 277
77761 277
77773 277
77783 277
77797 277
77801 277
77813 277
77839 277
77849 278
77863 278
77867 278
77893 278
77899 278
77929 278
77933 278
77951 278
77969 278
77977 278
77983 278
77999 278
78007 278
78017 278
78031 278
78041 278
78049 278
78059 278
78079 278
78101 278
78121 278
78137 278
78139 278
78157 278
78163 278
78167 278
78173 278
78179 278
78191 278
78193 278
78203 278
78229 278
78233 278
78241 278
78259 278
78277 278
78283 278
78301 278
78307 278
78311 278
78317 278
78341 278
78347 278
78367 278
78401 279
78427 279
78437 279
78439 279
78467 279
78479 279
78487 279
78497 279
78509 279
78511 279
78517 279
78539 279
78541 279
78553 279
78569 279
78571 279
78577 279
78583 279
78593 279
78607 279
78623 279
78643 279
78649 279
78653 279
78691 279
78697 279
78707 279
78713 279
78721 279
78737 279
78779 279
78781 279
78787 279
78791 279
78797 279
78803 279
78809 279
78823 279
78839 279
78853 279
78857 279
78877 279
78887 279
78889 279
78893 279
78901 279
78919 279
78929 279
78941 279
78977 280
78979 280
78989 280
79031 280
79039 280
79043 280
79063 280
79087 280
79103 280
79111 280
79133 280
79139 280
79147 280
79151 280
79153 280
79159 280
79181 280
79187 280
79193 280
79201 280
79229 280
79231 280
79241 280
79259 280
79273 280
79279 280
79283 280
79301 280
79309 280
79319 280
79333 280
79337 280
79349 280
79357 280
79367 280
79379 280
79393 280
79397 280
79399 280
79411 280
79423 280
79427 280
79433 280
79451 280
79481 280
79493 280
79531 281
79537 281
79549 281
79559 281
79561 281
79579 281
79589 281
79601 281
79609 281
79613 281
79621 281
79627 281
79631 281
79633 281
79657 281
79669 281
79687 281
79691 281
79693 281
79697 281
79699 281
79757 281
79769 281
79777 281
79801 281
79811 281
79813 281
79817 281
79823 281
79829 281
79841 281
79843 281
79847 281
79861 281
79867 281
79873 281
79889 281
79901 281
79903 281
79907 281
79939 281
79943 281
79967 281
79973 281
79979 281
79987 281
79997 281
79999 281
80021 281
80039 281
80051 281
80071 281
80077 281
80107 282
80111 282
80141 282
80147 282
80149 282
80153 282
80167 282
80173 282
80177 282
80191 282
80207 282
80209 282
80221 282
80231 282
80233 282
80239 282
80251 282
80263 282
80273 282
80279 282
80287 282
80309 282
80317 282
80329 282
80341 282
80347 282
80363 282
80369 282
80387 282
80407 282
80429 282
80447 282
80449 282
80471 282
80473 282
80489 282
80491 282
80513 282
80527 282
80537 282
80557 282
80567 282
80599 282
80603 282
80611 282
80621 282
80627 282
80629 282
80651 282
80657 283
80669 283
80671 283
80677 283
80681 283
80683 283
80687 283
80701 283
80713 283
80737 283
80747 283
80749 283
80761 283
80777 283
80779 283
80783 283
80789 283
80803 283
80809 283
80819 283
80831 283
80833 283
80849 283
80863 283
80897 283
80909 283
80911 283
80917 283
80923 283
80929 283
80933 283
80953 283
80963 283
80989 283
81001 283
81013 283
81017 283
81019 283
81023 283
81031 283
81041 283
81043 283
81047 283
81049 283
81071 283
81077 283
81083 283
81097 283
81101 283
81119 283
81131 283
81157 283
81163 283
81173 283
81181 283
81197 283
81199 283
81203 283
81223 283
81233 284
81239 284
81281 284
81283 284
81293 284
81299 284
81307 284
81331 284
81343 284
81349 284
81353 284
81359 284
81371 284
81373 284
81401 284
81409 284
81421 284
81439 284
81457 284
81463 284
81509 284
81517 284
81527 284
81533 284
81547 284
81551 284
81553 284
81559 284
81563 284
81569 284
81611 284
81619 284
81629 284
81637 284
81647 284
81649 284
81667 284
81671 284
81677 284
81689 284
81701 284
81703 284
81707 284
81727 284
81737 284
81749 284
81761 284
81769 284
81773 284
81799 285
81817 285
81839 285
81847 285
81853 285
81869 285
81883 285
81899 285
81901 285
81919 285
81929 285
81931 285
81937 285
81943 285
81953 285
81967 285
81971 285
81973 285
82003 285
82007 285
82009 285
82013 285
82021 285
82031 285
82037 285
82039 285
82051 285
82067 285
82073 285
82129 285
82139 285
82141 285
82153 285
82163 285
82171 285
82183 285
82189 285
82193 285
82207 285
82217 285
82219 285
82223 285
82231 285
82237 285
82241 285
82261 285
82267 285
82279 285
82301 285
82307 285
82339 285
82349 285
82351 285
82361 285
82373 286
82387 286
82393 286
82421 286
82457 286
82463 286
82469 286
82471 286
82483 286
82487 286
82493 286
82499 286
82507 286
82529 286
82531 286
82549 286
82559 286
82561 286
82567 286
82571 286
82591 286
82601 286
82609 286
82613 286
82619 286
82633 286
82651 286
82657 286
82699 286
82721 286
82723 286
82727 286
82729 286
82757 286
82759 286
82763 286
82781 286
82787 286
82793 286
82799 286
82811 286
82813 286
82837 286
82847 286
82883 286
82889 286
82891 286
82903 286
82913 286
82939 286
82963 287
82981 287
82997 287
83003 287
83009 287
83023 287
83047 287
83059 287
83063 287
83071 287
83077 287
83089 287
83093 287
83101 287
83117 287
83137 287
83177 287
83203 287
83207 287
83219 287
83221 287
83227 287
83231 287
83233 287
83243 287
83257 287
83267 287
83269 287
83273 287
83299 287
83311 287
83339 287
83341 287
83357 287
83383 287
83389 287
83399 287
83401 287
83407 287
83417 287
83423 287
83431 287
83437 287
83443 287
83449 287
83459 287
83471 287
83477 287
83497 287
83537 288
83557 288
83561 288
83563 288
83579 288
83591 288
83597 288
83609 288
83617 288
83621 288
83639 288
83641 288
83653 288
83663 288
83689 288
83701 288
83717 288
83719 288
83737 288
83761 288
83773 288
83777 288
83791 288
83813 288
83833 288
83843 288
83857 288
83869 288
83873 288
83891 288
83903 288
83911 288
83921 288
83933 288
83939 288
83969 288
83983 288
83987 288
84011 288
84017 288
84047 288
84053 288
84059 288
84061 288
84067 288
84089 288
84121 289
84127 289
84131 289
84137 289
84143 289
84163 289
84179 289
84181 289
84191 289
84199 289
84211 289
84221 289
84223 289
84229 289
84239 289
84247 289
84263 289
84299 289
84307 289
84313 289
84317 289
84319 289
84347 289
84349 289
84377 289
84389 289
84391 289
84401 289
84407 289
84421 289
84431 289
84437 289
84443 289
84449 289
84457 289
84463 289
84467 289
84481 289
84499 289
84503 289
84509 289
84521 289
84523 289
84533 289
84551 289
84559 289
84589 289
84629 289
84631 289
84649 289
84653 289
84659 289
84673 289
84691 290
84697 290
84701 290
84713 290
84719 290
84731 290
84737 290
84751 290
84761 290
84787 290
84793 290
84809 290
84811 290
84827 290
84857 290
84859 290
84869 290
84871 290
84913 290
84919 290
84947 290
84961 290
84967 290
84977 290
84979 290
84991 290
85009 290
85021 290
85027 290
85037 290
85049 290
85061 290
85081 290
85087 290
85091 290
85093 290
85103 290
85109 290
85121 290
85133 290
85147 290
85159 290
85193 290
85199 290
85201 290
85213 290
85223 290
85229 290
85237 290
85243 290
85247 290
85259 290
85297 291
85303 291
85313 291
85331 291
85333 291
85361 291
85363 291
85369 291
85381 291
85411 291
85427 291
85429 291
85439 291
85447 291
85451 291
85453 291
85469 291
85487 291
85513 291
85517 291
85523 291
85531 291
85549 291
85571 291
85577 291
85597 291
85601 291
85607 291
85619 291
85621 291
85627 291
85639 291
85643 291
85661 291
85667 291
85669 291
85691 291
85703 291
85711 291
85717 291
85733 291
85751 291
85781 291
85793 291
85817 291
85819 291
85829 291
85831 291
85837 291
85843 291
85847 291
85853 292
85889 292
85903 292
85909 292
85931 292
85933 292
85991 292
85999 292
86011 292
86017 292
86027 292
86029 292
86069 292
86077 292
86083 292
86111 292
86113 292
86117 292
86131 292
86137 292
86143 292
86161 292
86171 292
86179 292
86183 292
86197 292
86201 292
86209 292
86239 292
86243 292
86249 292
86257 292
86263 292
86269 292
86287 292
86291 292
86293 292
86297 292
86311 292
86323 292
86341 292
86351 292
86353 292
86357 292
86369 292
86371 292
86381 292
86389 292
86399 292
86413 292
86423 292
86441 293
86453 293
86461 293
86467 293
86477 293
86491 293
86501 293
86509 293
86531 293
86533 293
86539 293
86561 293
86573 293
86579 293
86587 293
86599 293
86627 293
86629 293
86677 293
86689 293
86693 293
86711 293
86719 293
86729 293
86743 293
86753 293
86767 293
86771 293
86783 293
86813 293
86837 293
86843 293
86851 293
86857 293
86861 293
86869 293
86923 293
86927 293
86929 293
86939 293
86951 293
86959 293
86969 293
86981 293
86993 293
87011 293
87013 293
87037 294
87041 294
87049 294
87071 294
87083 294
87103 294
87107 294
87119 294
87121 294
87133 294
87149 294
87151 294
87179 294
87181 294
87187 294
87211 294
87221 294
87223 294
87251 294
87253 294
87257 294
87277 294
87281 294
87293 294
87299 294
87313 294
87317 294
87323 294
87337 294
87359 294
87383 294
87403 294
87407 294
87421 294
87427 294
87433 294
87443 294
87473 294
87481 294
87491 294
87509 294
87511 294
87517 294
87523 294
87539 294
87541 294
87547 294
87553 294
87557 294
87559 294
87583 294
87587 294
87589 294
87613 294
87623 295
87629 295
87631 295
87641 295
87643 295
87649 295
87671 295
87679 295
87683 295
87691 295
87697 295
87701 295
87719 295
87721 295
87739 295
87743 295
87751 295
87767 295
87793 295
87797 295
87803 295
87811 295
87833 295
87853 295
87869 295
87877 295
87881 295
87887 295
87911 295
87917 295
87931 295
87943 295
87959 295
87961 295
87973 295
87977 295
87991 295
88001 295
88003 295
88007 295
88019 295
88037 295
88069 295
88079 295
88093 295
88117 295
88129 295
88169 295
88177 295
88211 296
88223 296
88237 296
88241 296
88259 296
88261 296
88289 296
88301 296
88321 296
88327 296
88337 296
88339 296
88379 296
88397 296
88411 296
88423 296
88427 296
88463 296
88469 296
88471 296
88493 296
88499 296
88513 296
88523 296
88547 296
88589 296
88591 296
88607 296
88609 296
88643 296
88651 296
88657 296
88661 296
88663 296
88667 296
88681 296
88721 296
88729 296
88741 296
88747 296
88771 296
88789 296
88793 296
88799 296
88801 296
88807 297
88811 297
88813 297
88817 297
88819 297
88843 297
88853 297
88861 297
88867 297
88873 297
88883 297
88897 297
88903 297
88919 297
88937 297
88951 297
88969 297
88993 297
88997 297
89003 297
89009 297
89017 297
89021 297
89041 297
89051 297
89057 297
89069 297
89071 297
89083 297
89087 297
89101 297
89107 297
89113 297
89119 297
89123 297
89137 297
89153 297
89189 297
89203 297
89209 297
89213 297
89227 297
89231 297
89237 297
89261 297
89269 297
89273 297
89293 297
89303 297
89317 297
89329 297
89363 297
89371 297
89381 297
89387 297
89393 297
89399 297
89413 298
89417 298
89431 298
89443 298
89449 298
89459 298
89477 298
89491 298
89501 298
89513 298
89519 298
89521 298
89527 298
89533 298
89561 298
89563 298
89567 298
89591 298
89597 298
89599 298
89603 298
89611 298
89627 298
89633 298
89653 298
89657 298
89659 298
89669 298
89671 298
89681 298
89689 298
89753 298
89759 298
89767 298
89779 298
89783 298
89797 298
89809 298
89819 298
89821 298
89833 298
89839 298
89849 298
89867 298
89891 298
89897 298
89899 298
89909 298
89917 298
89923 298
89939 298
89959 298
89963 298
89977 298
89983 298
89989 298
90001 299
90007 299
90011 299
90017 299
90019 299
90023 299
90031 299
90053 299
90059 299
90067 299
90071 299
90073 299
90089 299
90107 299
90121 299
90127 299
90149 299
90163 299
90173 299
90187 299
90191 299
90197 299
90199 299
90203 299
90217 299
90227 299
90239 299
90247 299
90263 299
90271 299
90281 299
90289 299
90313 299
90353 299
90359 299
90371 299
90373 299
90379 299
90397 299
90401 299
90403 299
90407 299
90437 299
90439 299
90469 299
90473 299
90481 299
90499 299
90511 299
90523 299
90527 299
90529 299
90533 299
90547 299
90583 299
90599 299
90617 300
90619 300
90631 300
90641 300
90647 300
90659 300
90677 300
90679 300
90697 300
90703 300
90709 300
90731 300
90749 300
90787 300
90793 300
90803 300
90821 300
90823 300
90833 300
90841 300
90847 300
90863 300
90887 300
90901 300
90907 300
90911 300
90917 300
90931 300
90947 300
90971 300
90977 300
90989 300
90997 300
91009 300
91019 300
91033 300
91079 300
91081 300
91097 300
91099 300
91121 300
91127 300
91129 300
91139 300
91141 300
91151 300
91153 300
91159 300
91163 300
91183 300
91193 300
91199 300
91229 301
91237 301
91243 301
91249 301
91253 301
91283 301
91291 301
91297 301
91303 301
91309 301
91331 301
91367 301
91369 301
91373 301
91381 301
91387 301
91393 301
91397 301
91411 301
91423 301
91433 301
91453 301
91457 301
91459 301
91463 301
91493 301
91499 301
91513 301
91529 301
91541 301
91571 301
91573 301
91577 301
91583 301
91591 301
91621 301
91631 301
91639 301
91673 301
91691 301
91703 301
91711 301
91733 301
91753 301
91757 301
91771 301
91781 301
91801 301
91807 301
91811 302
91813 302
91823 302
91837 302
91841 302
91867 302
91873 302
91909 302
91921 302
91939 302
91943 302
91951 302
91957 302
91961 302
91967 302
91969 302
91997 302
92003 302
92009 302
92033 302
92041 302
92051 302
92077 302
92083 302
92107 302
92111 302
92119 302
92143 302
92153 302
92173 302
92177 302
92179 302
92189 302
92203 302
92219 302
92221 302
92227 302
92233 302
92237 302
92243 302
92251 302
92269 302
92297 302
92311 302
92317 302
92333 302
92347 302
92353 302
92357 302
92363 302
92369 302
92377 302
92381 302
92383 302
92387 302
92399 302
92401 302
92413 302
92419 303
92431 303
92459 303
92461 303
92467 303
92479 303
92489 303
92503 303
92507 303
92551 303
92557 303
92567 303
92569 303
92581 303
92593 303
92623 303
92627 303
92639 303
92641 303
92647 303
92657 303
92669 303
92671 303
92681 303
92683 303
92693 303
92699 303
92707 303
92717 303
92723 303
92737 303
92753 303
92761 303
92767 303
92779 303
92789 303
92791 303
92801 303
92809 303
92821 303
92831 303
92849 303
92857 303
92861 303
92863 303
92867 303
92893 303
92899 303
92921 303
92927 303
92941 303
92951 303
92957 303
92959 303
92987 303
92993 303
93001 303
93047 304
93053 304
93059 304
93077 304
93083 304
93089 304
93097 304
93103 304
93113 304
93131 304
93133 304
93139 304
93151 304
93169 304
93179 304
93187 304
93199 304
93229 304
93239 304
93241 304
93251 304
93253 304
93257 304
93263 304
93281 304
93283 304
93287 304
93307 304
93319 304
93323 304
93329 304
93337 304
93371 304
93377 304
93383 304
93407 304
93419 304
93427 304
93463 304
93479 304
93481 304
93487 304
93491 304
93493 304
93497 304
93503 304
93523 304
93529 304
93553 304
93557 304
93559 304
93563 304
93581 304
93601 304
93607 304
93629 304
93637 305
93683 305
93701 305
93703 305
93719 305
93739 305
93761 305
93763 305
93787 305
93809 305
93811 305
93827 305
93851 305
93871 305
93887 305
93889 305
93893 305
93901 305
93911 305
93913 305
93923 305
93937 305
93941 305
93949 305
93967 305
93971 305
93979 305
93983 305
93997 305
94007 305
94009 305
94033 305
94049 305
94057 305
94063 305
94079 305
94099 305
94109 305
94111 305
94117 305
94121 305
94151 305
94153 305
94169 305
94201 305
94207 305
94219 305
94229 305
94253 306
94261 306
94273 306
94291 306
94307 306
94309 306
94321 306
94327 306
94331 306
94343 306
94349 306
94351 306
94379 306
94397 306
94399 306
94421 306
94427 306
94433 306
94439 306
94441 306
94447 306
94463 306
94477 306
94483 306
94513 306
94529 306
94531 306
94541 306
94543 306
94547 306
94559 306
94561 306
94573 306
94583 306
94597 306
94603 306
94613 306
94621 306
94649 306
94651 306
94687 306
94693 306
94709 306
94723 306
94727 306
94747 306
94771 306
94777 306
94781 306
94789 306
94793 306
94811 306
94819 306
94823 306
94837 306
94841 306
94847 306
94849 306
94873 307
94889 307
94903 307
94907 307
94933 307
94949 307
94951 307
94961 307
94993 307
94999 307
95003 307
95009 307
95021 307
95027 307
95063 307
95071 307
95083 307
95087 307
95089 307
95093 307
95101 307
95107 307
95111 307
95131 307
95143 307
95153 307
95177 307
95189 307
95191 307
95203 307
95213 307
95219 307
95231 307
95233 307
95239 307
95257 307
95261 307
95267 307
95273 307
95279 307
95287 307
95311 307
95317 307
95327 307
95339 307
95369 307
95383 307
95393 307
95401 307
95413 307
95419 307
95429 307
95441 307
95443 307
95461 307
95467 307
95471 307
95479 307
95483 308
95507 308
95527 308
95531 308
95539 308
95549 308
95561 308
95569 308
95581 308
95597 308
95603 308
95617 308
95621 308
95629 308
95633 308
95651 308
95701 308
95707 308
95713 308
95717 308
95723 308
95731 308
95737 308
95747 308
95773 308
95783 308
95789 308
95791 308
95801 308
95803 308
95813 308
95819 308
95857 308
95869 308
95873 308
95881 308
95891 308
95911 308
95917 308
95923 308
95929 308
95947 308
95957 308
95959 308
95971 308
95987 308
95989 308
96001 308
96013 308
96017 308
96043 308
96053 308
96059 308
96079 308
96097 308
96137 309
96149 309
96157 309
96167 309
96179 309
96181 309
96199 309
96211 309
96221 309
96223 309
96233 309
96259 309
96263 309
96269 309
96281 309
96289 309
96293 309
96323 309
96329 309
96331 309
96337 309
96353 309
96377 309
96401 309
96419 309
96431 309
96443 309
96451 309
96457 309
96461 309
96469 309
96479 309
96487 309
96493 309
96497 309
96517 309
96527 309
96553 309
96557 309
96581 309
96587 309
96589 309
96601 309
96643 309
96661 309
96667 309
96671 309
96697 309
96703 309
96731 310
96737 310
96739 310
96749 310
96757 310
96763 310
96769 310
96779 310
96787 310
96797 310
96799 310
96821 310
96823 310
96827 310
96847 310
96851 310
96857 310
96893 310
96907 310
96911 310
96931 310
96953 310
96959 310
96973 310
96979 310
96989 310
96997 310
97001 310
97003 310
97007 310
97021 310
97039 310
97073 310
97081 310
97103 310
97117 310
97127 310
97151 310
97157 310
97159 310
97169 310
97171 310
97177 310
97187 310
97213 310
97231 310
97241 310
97259 310
97283 310
97301 310
97303 310
97327 310
97367 311
97369 311
97373 311
97379 311
97381 311
97387 311
97397 311
97423 311
97429 311
97441 311
97453 311
97459 311
97463 311
97499 311
97501 311
97511 311
97523 311
97547 311
97549 311
97553 311
97561 311
97571 311
97577 311
97579 311
97583 311
97607 311
97609 311
97613 311
97649 311
97651 311
97673 311
97687 311
97711 311
97729 311
97771 311
97777 311
97787 311
97789 311
97813 311
97829 311
97841 311
97843 311
97847 311
97849 311
97859 311
97861 311
97871 311
97879 311
97883 311
97919 311
97927 311
97931 311
97943 311
97961 311
97967 311
97973 312
97987 312
98009 312
98011 312
98017 312
98041 312
98047 312
98057 312
98081 312
98101 312
98123 312
98129 312
98143 312
98179 312
98207 312
98213 312
98221 312
98227 312
98251 312
98257 312
98269 312
98297 312
98299 312
98317 312
98321 312
98323 312
98327 312
98347 312
98369 312
98377 312
98387 312
98389 312
98407 312
98411 312
98419 312
98429 312
98443 312
98453 312
98459 312
98467 312
98473 312
98479 312
98491 312
98507 312
98519 312
98533 312
98543 312
98561 312
98563 312
98573 312
98597 313
98621 313
98627 313
98639 313
98641 313
98663 313
98669 313
98689 313
98711 313
98713 313
98717 313
98729 313
98731 313
98737 313
98773 313
98779 313
98801 313
98807 313
98809 313
98837 313
98849 313
98867 313
98869 313
98873 313
98887 313
98893 313
98897 313
98899 313
98909 313
98911 313
98927 313
98929 313
98939 313
98947 313
98953 313
98963 313
98981 313
98993 313
98999 313
99013 313
99017 313
99023 313
99041 313
99053 313
99079 313
99083 313
99089 313
99103 313
99109 313
99119 313
99131 313
99133 313
99137 313
99139 313
99149 313
99173 313
99181 313
99191 313
99223 313
99233 314
99241 314
99251 314
99257 314
99259 314
99277 314
99289 314
99317 314
99347 314
99349 314
99367 314
99371 314
99377 314
99391 314
99397 314
99401 314
99409 314
99431 314
99439 314
99469 314
99487 314
99497 314
99523 314
99527 314
99529 314
99551 314
99559 314
99563 314
99571 314
99577 314
99581 314
99607 314
99611 314
99623 314
99643 314
99661 314
99667 314
99679 314
99689 314
99707 314
99709 314
99713 314
99719 314
99721 314
99733 314
99761 314
99767 314
99787 314
99793 314
99809 314
99817 314
99823 314
99829 314
99833 314
99839 314
99859 315
99871 315
99877 315
99881 315
99901 315
99907 315
99923 315
99929 315
99961 315
99971 315
99989 315
99991 315
