1 1
2 3
3 6
4 12
5 18
6 27
7 37
8 48
9 60
10 75
11 91
12 107
13 126
14 147
15 170
16 193
17 216
18 242
19 269
20 301
21 328
22 363
23 395
24 435
25 467
26 505
27 547
28 588
29 633
30 677
31 720
32 773
33 816
34 867
35 916
36 967
37 1034
38 1081
39 1136
40 1183
41 1256
42 1316
43 1389
44 1458
45 1520
46 1580
47 1654
48 1719
49 1808
50 1879
51 1946
52 2026
53 2118
54 2191
55 2255
56 2353
57 2450
58 2512
59 2606
60 2703
61 2794
62 2895
63 2986
64 3066
65 3176
66 3263
67 3366
68 3455
69 3573
70 3681
71 3787
72 3897
73 3989
74 4099
75 4236
76 4343
77 4464
78 4545
79 4669
80 4805
81 4929
82 5050
83 5169
84 5286
85 5431
86 5548
87 5669
88 5826
89 5948
90 6070
91 6204
92 6360
93 6487
94 6640
95 6758
96 6926
97 7051
98 7229
99 7351
100 7499
101 7653
102 7822
103 7975
104 8093
105 8255
106 8397
107 8584
108 8795
109 8903
110 9093
111 9255
112 9421
113 9585
114 9756
115 9926
116 10102
117 10266
118 10423
119 10592
120 10811
121 10938
122 11151
123 11381
124 11576
125 11696
126 11947
127 12105
128 12278
129 12495
130 12650
131 12906
132 13049
133 13227
134 13438
135 13661
136 13892
137 14073
138 14349
139 14496
140 14699
141 14913
142 15130
143 15367
144 15575
145 15765
146 15929
147 16181
148 16401
149 16630
150 16859
151 17116
152 17397
153 17553
154 17759
155 17994
156 18237
157 18502
158 18691
159 18897
160 19199
161 19440
162 19711
163 19927
164 20168
165 20459
166 20707
167 20875
168 21199
169 21411
170 21635
171 21941
172 22185
173 22437
174 22707
175 22983
176 23129
177 23472
178 23726
179 24091
180 24248
181 24554
182 24900
183 25075
184 25329
185 25678
186 25900
187 26193
188 26526
189 26740
190 27057
191 27325
192 27572
193 27912
194 28219
195 28472
196 28904
197 29174
198 29502
199 29717
200 29919
201 30270
202 30555
203 30928
204 31212
205 31492
206 31796
207 32153
208 32527
209 32732
210 33021
211 33350
212 33735
213 33946
214 34418
215 34694
216 35029
217 35302
218 35620
219 35906
220 36303
221 36677
222 36929
223 37307
224 37605
225 37973
226 38360
227 38708
228 39089
229 39365
230 39626
231 40081
232 40293
233 40569
234 41103
235 41354
236 41772
237 42146
238 42416
239 42740
240 43221
241 43582
242 44009
243 44341
244 44642
245 45037
246 45417
247 45711
248 46107
249 46581
250 46841
251 47297
252 47648
253 48025
254 48371
255 48822
256 49133
257 49586
258 49779
259 50365
260 50804
261 51011
262 51373
263 51835
264 52309
265 52713
266 53049
267 53457
268 53884
269 54331
270 54685
271 55082
272 55543
273 55883
274 56268
275 56621
276 57020
277 57516
278 58085
279 58463
280 58777
281 59180
282 59663
283 60197
284 60527
285 60835
286 61361
287 61734
288 62061
289 62465
290 63234
291 63524
292 63860
293 64335
294 64635
295 65292
296 65579
297 66184
298 66609
299 67149
300 67581
301 67912
302 68382
303 68963
304 69325
305 69754
306 70321
307 70490
308 70963
309 71734
310 72055
311 72617
312 73014
313 73590
314 73706
315 74408
316 74871
317 75289
318 75871
319 76396
320 76721
321 77318
322 77697
323 78255
324 78823
325 79317
326 79602
327 80170
328 80588
329 81281
330 81508
331 82135
332 82665
333 83016
334 83711
335 84162
336 84685
337 85100
338 85837
339 86253
340 86656
341 87184
342 87738
343 88418
344 88793
345 89400
346 89688
347 90466
348 90780
349 91416
350 91745
351 92506
352 92689
353 93525
354 94004
355 94526
356 95105
357 95595
358 96177
359 96774
360 97261
361 97951
362 98182
363 99127
364 99328
365 99931
366 100620
367 101082
368 101381
369 102222
370 102650
371 103369
372 103769
373 104254
374 104818
375 105411
376 105916
377 106580
378 107383
379 107756
380 108392
381 108962
382 109511
383 110075
384 110632
385 111067
386 111738
387 112317
388 112894
389 113643
390 114123
391 114646
392 115053
393 115857
394 116409
395 116869
396 117584
397 118145
398 118899
399 119375
400 119791
401 120760
402 121185
403 121766
404 122313
405 122943
406 123366
407 124493
408 125208
409 125282
410 126316
411 126603
412 127193
413 128198
414 128479
415 129397
416 129753
417 130519
418 131240
419 131759
420 132311
421 132912
422 133155
423 134132
424 134666
425 135310
426 136027
427 136545
428 137156
429 137846
430 138587
431 139435
432 140223
433 140582
434 141043
435 141801
436 142539
437 142955
438 144098
439 144583
440 145411
441 146096
442 146636
443 147420
444 147687
445 148371
446 149239
447 149542
448 150602
449 151739
450 151968
451 152635
452 153142
453 153625
454 154664
455 155222
456 155875
457 156961
458 157155
459 157847
460 158508
461 159329
462 160317
463 160841
464 161351
465 162209
466 162902
467 163343
468 164536
469 164843
470 165780
471 166242
472 167199
473 167675
474 168765
475 169406
476 169992
477 170881
478 171024
479 172095
480 172908
481 173370
482 174179
483 174837
484 175692
485 176073
486 177054
487 177824
488 178602
489 179504
490 180005
491 180955
492 181381
493 182194
494 183066
495 183805
496 184301
497 185220
498 185696
499 186625
500 187847
