1 2
2 3
3 5
4 8
5 11
6 14
7 17
8 19
9 24
10 26
11 30
12 33
13 37
14 40
15 46
16 48
17 54
18 56
19 62
20 66
21 70
22 73
23 79
24 83
25 89
26 95
27 98
28 105
29 108
30 111
31 119
32 125
33 124
34 132
35 140
36 144
37 150
38 155
39 157
40 162
41 169
42 176
43 180
44 186
45 190
46 200
47 202
48 207
49 217
50 218
51 220
52 231
53 237
54 239
55 243
56 250
57 262
58 262
59 274
60 277
61 282
62 284
63 290
64 291
65 301
66 310
67 313
68 317
69 326
70 331
71 333
72 343
73 343
74 356
75 362
76 371
77 368
78 377
79 377
80 388
81 399
82 411
83 405
84 421
85 420
86 427
87 427
88 438
89 443
90 458
91 456
92 457
93 467
94 477
95 497
96 497
97 486
98 509
99 513
100 514
101 526
102 534
103 529
104 537
105 544
106 567
107 559
108 573
109 581
110 589
111 592
112 603
113 596
114 596
115 617
116 621
117 628
118 629
119 647
120 651
121 659
122 660
123 682
124 681
125 686
126 678
127 692
128 697
129 709
130 715
131 734
132 723
133 757
134 741
135 747
136 763
137 765
138 765
139 774
140 788
141 785
142 802
143 808
144 814
145 811
146 816
147 838
148 835
149 851
150 850
151 869
152 862
153 872
154 894
155 893
156 887
157 897
158 907
159 910
160 928
161 945
162 934
163 944
164 950
165 965
166 956
167 982
168 998
169 981
170 981
171 1011
172 988
173 1015
174 1025
175 1020
176 1042
177 1034
178 1058
179 1068
180 1048
181 1073
182 1070
183 1074
184 1091
185 1090
186 1096
187 1118
188 1138
189 1143
190 1132
191 1133
192 1155
193 1172
194 1157
195 1185
196 1194
197 1207
198 1184
199 1201
200 1223
201 1226
202 1234
203 1233
204 1235
205 1239
206 1254
207 1238
208 1268
209 1286
210 1274
211 1287
212 1308
213 1323
214 1311
215 1319
216 1331
217 1331
218 1364
219 1370
220 1340
221 1358
222 1381
223 1404
224 1408
225 1382
226 1389
227 1412
228 1437
229 1426
230 1442
231 1431
232 1471
233 1463
234 1466
235 1487
236 1486
237 1499
238 1482
239 1501
240 1518
241 1525
242 1514
243 1546
244 1547
245 1538
246 1564
247 1546
248 1555
249 1576
250 1601
251 1607
252 1609
253 1594
254 1609
255 1654
256 1623
257 1645
258 1673
259 1650
260 1657
261 1653
262 1675
263 1667
264 1697
265 1726
266 1728
267 1702
268 1755
269 1715
270 1726
271 1758
272 1755
273 1757
274 1789
275 1757
276 1771
277 1790
278 1787
279 1825
280 1833
281 1824
282 1820
283 1844
284 1840
285 1857
286 1861
287 1866
288 1883
289 1907
290 1920
291 1907
292 1923
293 1899
294 1911
295 1914
296 1942
297 1936
298 1971
299 1961
300 1959
301 1994
302 1969
303 2006
304 1986
305 1996
306 2047
307 2019
308 2042
309 2034
310 2081
311 2061
312 2078
313 2069
314 2089
315 2135
316 2094
317 2134
318 2137
319 2105
320 2132
321 2137
322 2141
323 2175
324 2162
325 2164
326 2159
327 2204
328 2188
329 2202
330 2197
331 2207
332 2241
333 2279
334 2245
335 2236
336 2263
337 2266
338 2276
339 2226
340 2297
341 2302
342 2320
343 2268
344 2350
345 2320
346 2349
347 2321
348 2351
349 2364
350 2375
351 2377
352 2418
353 2404
354 2452
355 2414
356 2420
357 2425
358 2430
359 2433
360 2491
361 2449
362 2478
363 2460
364 2484
365 2498
366 2505
367 2510
368 2519
369 2521
370 2512
371 2520
372 2541
373 2575
374 2570
375 2606
376 2593
377 2595
378 2603
379 2618
380 2603
381 2614
382 2645
383 2672
384 2697
385 2638
386 2658
387 2652
388 2665
389 2699
390 2712
391 2704
392 2720
393 2756
394 2761
395 2687
396 2727
397 2742
398 2762
399 2765
400 2750
401 2787
402 2794
403 2829
404 2818
405 2794
406 2899
407 2871
408 2846
409 2812
410 2851
411 2873
412 2883
413 2861
414 2850
415 2860
416 2984
417 2910
418 2930
419 2961
420 3025
421 2957
422 2929
423 2992
424 2964
425 3029
426 2964
427 3018
428 3017
429 3002
430 3073
431 3047
432 3020
433 3065
434 3055
435 3048
436 3087
437 3051
438 3125
439 3078
440 3107
441 3126
442 3142
443 3098
444 3154
445 3163
446 3149
447 3143
448 3188
449 3123
450 3195
451 3172
452 3228
453 3257
454 3189
455 3196
456 3238
457 3250
458 3266
459 3227
460 3265
461 3272
462 3298
463 3302
464 3300
465 3356
466 3307
467 3326
468 3319
469 3299
470 3368
471 3387
472 3390
473 3358
474 3433
475 3402
476 3373
477 3444
478 3418
479 3386
480 3439
481 3442
482 3470
483 3463
484 3505
485 3511
486 3531
487 3522
488 3506
489 3527
490 3538
491 3564
492 3549
493 3558
494 3580
495 3586
496 3587
497 3558
498 3620
499 3676
500 3573
