1 0
2 0
3 2
4 4
5 8
6 12
7 17
8 24
9 32
10 40
11 50
12 62
13 70
14 84
15 97
16 113
17 128
18 144
19 160
20 185
21 197
22 221
23 241
24 266
25 290
26 313
27 325
28 364
29 399
30 415
31 443
32 481
33 506
34 542
35 591
36 606
37 639
38 688
39 730
40 756
41 811
42 847
43 892
44 941
45 962
46 1017
47 1058
48 1105
49 1138
50 1208
51 1245
52 1300
53 1340
54 1416
55 1478
56 1515
57 1555
58 1612
59 1683
60 1725
61 1787
62 1849
63 1893
64 1949
65 2048
66 2135
67 2159
68 2233
69 2315
70 2403
71 2445
72 2528
73 2576
74 2668
75 2732
76 2812
77 2905
78 2962
79 3067
80 3121
81 3198
82 3278
83 3393
84 3492
85 3491
86 3648
87 3710
88 3801
89 3887
90 3988
91 4052
92 4148
93 4278
94 4294
95 4452
96 4498
97 4592
98 4711
99 4758
100 4936
101 5022
102 5121
103 5219
104 5323
105 5402
106 5593
107 5642
108 5720
109 5833
110 5923
111 6131
112 6137
113 6164
114 6412
115 6473
116 6620
117 6790
118 6833
119 6934
120 7027
121 7209
122 7365
123 7462
124 7501
125 7672
126 7776
127 7912
128 8074
129 8243
130 8308
131 8478
132 8617
133 8760
134 8877
135 8910
136 9207
137 9245
138 9309
139 9517
140 9552
141 9822
142 9996
143 10090
144 10283
145 10360
146 10605
147 10692
148 10846
149 10909
150 11158
151 11244
152 11372
153 11600
154 11784
155 11954
156 12003
157 12284
158 12390
159 12491
160 12625
161 12792
162 12932
163 13273
164 13329
165 13358
166 13584
167 13690
168 13844
169 14168
170 14289
171 14458
172 14600
173 14777
174 14987
175 15161
176 15292
177 15568
178 15698
179 15942
180 16012
181 16194
182 16367
183 16545
184 16742
185 16984
186 17109
187 17369
188 17575
189 17715
190 17897
191 18039
192 18201
193 18480
194 18661
195 18912
196 19119
197 19199
198 19403
199 19685
200 19708
201 20026
202 20271
203 20456
204 20572
205 20788
206 21083
207 21302
208 21344
209 21410
210 21714
211 22028
212 22381
213 22559
214 22717
215 22914
216 23090
217 23254
218 23609
219 23567
220 23888
221 24281
222 24542
223 24427
224 24825
225 25138
226 25259
227 25722
228 25818
229 26004
230 26187
231 26214
232 26560
233 26880
234 27242
235 27323
236 27585
237 27939
238 27909
239 28313
240 28484
241 28820
242 29050
243 29190
244 29453
245 29995
246 29690
247 30178
248 30787
249 30683
250 30862
251 31093
252 31537
253 31731
254 32103
255 32421
256 32363
257 32651
258 32849
259 33211
260 33444
261 33669
262 34060
263 34071
264 34684
265 34779
266 34916
267 35654
268 35681
269 35753
270 36119
271 36206
272 36962
273 36961
274 37153
275 37683
276 38079
277 38012
278 38698
279 38555
280 38746
281 39287
282 39447
283 39610
284 40097
285 40395
286 40783
287 40963
288 41062
289 41285
290 41742
291 42087
292 42506
293 42890
294 42864
295 43224
296 43529
297 44058
298 44311
299 44346
300 44642
301 45022
302 45439
303 45634
304 46261
305 46057
306 46539
307 47163
308 47105
309 47777
310 47710
311 48074
312 48397
313 48694
314 49096
315 49502
316 49777
317 49890
318 50356
319 50502
320 50851
321 51192
322 51651
323 51710
324 52221
325 52248
326 52726
327 52945
328 53403
329 53655
330 54036
331 54377
332 54778
333 55401
334 55548
335 55710
336 56100
337 56308
338 56665
339 57391
340 57581
341 57886
342 57752
343 58051
344 58799
345 59198
346 59315
347 60039
348 60164
349 60695
350 60557
351 61280
352 61775
353 62012
354 62410
355 62899
356 62898
357 63502
358 63720
359 64010
360 64704
361 64908
362 65098
363 65517
364 65886
365 66169
366 66390
367 66951
368 67502
369 67985
370 68034
371 68863
372 69006
373 69379
374 69722
375 69997
376 70445
377 70751
378 71141
379 71298
380 71634
381 72903
382 72863
383 73094
384 73463
385 73804
386 73946
387 74560
388 74939
389 75040
390 75576
391 76655
392 76751
393 77097
394 77399
395 77338
396 78043
397 78414
398 79043
399 79293
400 79742
401 79964
402 80486
403 80939
404 81194
405 81511
406 82462
407 82792
408 82880
409 83083
410 84310
411 84009
412 84278
413 84468
414 85765
415 85798
416 86018
417 86188
418 86543
419 87316
420 87994
421 87941
422 88947
423 89255
424 89091
425 90106
426 89843
427 90541
428 91713
429 91569
430 91930
431 92212
432 93043
433 93304
434 93763
435 93993
436 94922
437 95445
438 95207
439 96174
440 96136
441 96642
442 96877
443 97867
444 98120
445 98913
446 98741
447 99167
448 99436
449 100412
450 101098
451 100873
452 101125
453 101933
454 102686
455 103283
456 103739
457 104060
458 104576
459 105100
460 105230
461 105458
462 105975
463 106635
464 106458
465 107545
466 108908
467 108420
468 109032
469 109149
470 109709
471 110373
472 110657
473 110982
474 111907
475 112131
476 112436
477 113225
478 113538
479 114420
480 115118
481 115271
482 116170
483 115734
484 116818
485 116482
486 117602
487 117203
488 118633
489 119375
490 119364
491 119816
492 120762
493 121551
494 121586
495 121705
496 121768
497 123610
498 122970
499 123896
500 125051
