1 1
2 4
3 10
4 18
5 29
6 42
7 57
8 76
9 97
10 119
11 145
12 174
13 204
14 238
15 274
16 310
17 355
18 397
19 442
20 489
21 541
22 590
23 646
24 706
25 770
26 834
27 893
28 967
29 1036
30 1105
31 1186
32 1260
33 1345
34 1432
35 1509
36 1605
37 1688
38 1786
39 1878
40 1980
41 2076
42 2188
43 2296
44 2395
45 2509
46 2621
47 2744
48 2852
49 2974
50 3097
51 3223
52 3354
53 3491
54 3625
55 3757
56 3885
57 4037
58 4175
59 4326
60 4450
61 4621
62 4757
63 4930
64 5096
65 5243
66 5405
67 5565
68 5740
69 5933
70 6081
71 6279
72 6430
73 6644
74 6818
75 6993
76 7198
77 7377
78 7565
79 7756
80 7948
81 8153
82 8377
83 8580
84 8790
85 9006
86 9212
87 9427
88 9647
89 9879
90 10079
91 10295
92 10501
93 10777
94 11005
95 11263
96 11458
97 11717
98 11985
99 12195
100 12423
101 12682
102 12928
103 13230
104 13479
105 13725
106 14003
107 14263
108 14513
109 14805
110 15095
111 15369
112 15580
113 15888
114 16166
115 16473
116 16772
117 17043
118 17357
119 17629
120 17919
121 18269
122 18539
123 18898
124 19196
125 19486
126 19759
127 20099
128 20449
129 20739
130 21050
131 21389
132 21748
133 22052
134 22354
135 22696
136 23068
137 23347
138 23751
139 24089
140 24432
141 24762
142 25118
143 25498
144 25808
145 26169
146 26607
147 27011
148 27309
149 27663
150 28034
151 28404
152 28805
153 29204
154 29579
155 29949
156 30382
157 30707
158 31101
159 31493
160 31934
161 32278
162 32789
163 33234
164 33527
165 33934
166 34387
167 34777
168 35184
169 35680
170 36034
171 36507
172 36879
173 37246
174 37798
175 38222
176 38637
177 39074
178 39491
179 39963
180 40426
181 40914
182 41269
183 41798
184 42291
185 42661
186 43107
187 43630
188 44103
189 44563
190 45043
191 45474
192 46029
193 46538
194 46961
195 47392
196 47927
197 48443
198 48882
199 49364
200 49995
201 50398
202 50845
203 51367
204 51947
205 52412
206 52880
207 53455
208 53918
209 54459
210 54889
211 55603
212 56136
213 56584
214 57112
215 57640
216 58165
217 58736
218 59347
219 59813
220 60468
221 60934
222 61565
223 62102
224 62573
225 63234
226 63719
227 64227
228 64898
229 65326
230 66066
231 66659
232 67075
233 67687
234 68336
235 68853
236 69592
237 70125
238 70645
239 71136
240 71936
241 72533
242 73193
243 73586
244 74228
245 74847
246 75525
247 76190
248 76766
249 77281
250 77984
251 78591
252 79322
253 79846
254 80410
255 81061
256 81720
257 82343
258 83084
259 83666
260 84414
261 85013
262 85745
263 86176
264 86993
265 87623
266 88299
267 89088
268 89654
269 90223
270 90955
271 91640
272 92287
273 92991
274 93652
275 94382
276 95063
277 95726
278 96337
279 97193
280 97909
281 98584
282 99293
283 99824
284 100691
285 101498
286 101969
287 102862
288 103593
289 104247
290 105029
291 105727
292 106456
293 107300
294 107732
295 108687
296 109385
297 110122
298 110890
299 111632
300 112397
301 113065
302 113921
303 114618
304 115412
305 116397
306 117012
307 117534
308 118498
309 119335
310 119887
311 120851
312 121538
313 122149
314 123090
315 123803
316 124547
317 125503
318 126241
319 127141
320 127623
321 128603
322 129306
323 130098
324 130895
325 131854
326 132580
327 133452
328 134222
329 135021
330 136029
331 136817
332 137450
333 138411
334 139319
335 139958
336 140922
337 141725
338 142652
339 143575
340 144221
341 145191
342 146106
343 146963
344 147411
345 148445
346 149632
347 150597
348 151286
349 152177
350 152948
351 153840
352 154734
353 155743
354 156395
355 157304
356 158263
357 159291
358 160139
359 160784
360 161608
361 162805
362 163641
363 164574
364 165470
365 166478
366 167168
367 168189
368 169242
369 169940
370 170952
371 171614
372 172780
373 173603
374 174535
375 175719
376 176424
377 177605
378 178291
379 179212
380 180101
381 181322
382 182426
383 183194
384 184019
385 185014
386 185990
387 187130
388 187922
389 188879
390 189889
391 190889
392 191952
393 192761
394 193617
395 194954
396 195667
397 196762
398 197913
399 198705
400 199831
401 200521
402 201915
403 202624
404 203843
405 204572
406 205844
407 206868
408 207911
409 208814
410 209846
411 210825
412 212138
413 213011
414 213867
415 215005
416 216134
417 217104
418 218139
419 219099
420 220198
421 221567
422 222417
423 223307
424 224692
425 225250
426 226591
427 227567
428 228755
429 229725
430 230678
431 232213
432 233319
433 234184
434 234852
435 236067
436 237324
437 238657
438 239420
439 240542
440 241978
441 242929
442 244130
443 245245
444 246138
445 247375
446 248301
447 249690
448 250716
449 251520
450 252820
451 254239
452 255085
453 256284
454 257430
455 258566
456 259925
457 260665
458 261972
459 263184
460 264131
461 265347
462 266693
463 267668
464 268752
465 269997
466 270975
467 272297
468 273285
469 274714
470 275712
471 277336
472 277950
473 279498
474 280497
475 281601
476 283463
477 284195
478 285539
479 286551
480 288087
481 288738
482 289967
483 291421
484 292900
485 293780
486 294963
487 296247
488 297571
489 298836
490 299907
491 301029
492 302097
493 303325
494 304800
495 305932
496 307327
497 308943
498 310012
499 310922
500 312125
