1 1
2 3
3 6
4 12
5 19
6 27
7 36
8 48
9 60
10 75
11 91
12 107
13 125
14 147
15 169
16 191
17 215
18 242
19 268
20 300
21 331
22 362
23 398
24 432
25 472
26 507
27 545
28 585
29 627
30 674
31 722
32 772
33 818
34 866
35 921
36 975
37 1029
38 1089
39 1139
40 1200
41 1257
42 1330
43 1378
44 1450
45 1520
46 1594
47 1658
48 1736
49 1803
50 1874
51 1955
52 2025
53 2103
54 2186
55 2260
56 2354
57 2441
58 2534
59 2598
60 2695
61 2798
62 2877
63 2976
64 3068
65 3157
66 3277
67 3377
68 3461
69 3567
70 3672
71 3776
72 3894
73 3995
74 4088
75 4221
76 4339
77 4436
78 4572
79 4689
80 4818
81 4930
82 5036
83 5151
84 5304
85 5429
86 5546
87 5689
88 5806
89 5948
90 6094
91 6199
92 6338
93 6471
94 6637
95 6784
96 6884
97 7065
98 7213
99 7379
100 7501
101 7655
102 7793
103 7912
104 8124
105 8291
106 8428
107 8574
108 8741
109 8916
110 9082
111 9227
112 9382
113 9536
114 9744
115 9910
116 10097
117 10264
118 10429
119 10591
120 10796
121 10979
122 11217
123 11368
124 11563
125 11699
126 11896
127 12069
128 12276
129 12473
130 12659
131 12856
132 13033
133 13271
134 13450
135 13658
136 13833
137 14065
138 14250
139 14500
140 14681
141 14917
142 15126
143 15360
144 15546
145 15737
146 15940
147 16150
148 16425
149 16636
150 16839
151 17046
152 17361
153 17570
154 17800
155 17993
156 18270
157 18448
158 18703
159 18904
160 19259
161 19452
162 19674
163 19945
164 20144
165 20432
166 20784
167 20933
168 21160
169 21430
170 21581
171 21911
172 22187
173 22437
174 22772
175 22932
176 23235
177 23476
178 23776
179 24013
180 24334
181 24537
182 24808
183 25127
184 25414
185 25635
186 25991
187 26246
188 26567
189 26829
190 27040
191 27403
192 27740
193 27939
194 28250
195 28565
196 28818
197 29063
198 29361
199 29700
200 30006
201 30256
202 30545
203 31018
204 31182
205 31427
206 31929
207 32130
208 32434
209 32768
210 33042
211 33262
212 33728
213 33883
214 34241
215 34763
216 35007
217 35364
218 35639
219 35891
220 36271
221 36640
222 36958
223 37211
224 37762
225 38004
226 38309
227 38682
228 38918
229 39314
230 39667
231 39988
232 40316
233 40622
234 41111
235 41426
236 41840
237 42103
238 42527
239 42854
240 43270
241 43575
242 43912
243 44205
244 44588
245 44969
246 45364
247 45871
248 46106
249 46500
250 46849
251 47348
252 47517
253 48100
254 48412
255 48731
256 49132
257 49454
258 49959
259 50328
260 50613
261 51009
262 51432
263 51994
264 52203
265 52597
266 53158
267 53466
268 53710
269 54178
270 54526
271 55106
272 55475
273 55721
274 56365
275 56871
276 57227
277 57429
278 57930
279 58445
280 58900
281 59087
282 59599
283 59959
284 60475
285 61027
286 61376
287 61784
288 62226
289 62739
290 63206
291 63541
292 63992
293 64443
294 64687
295 65280
296 65597
297 66248
298 66608
299 66961
300 67530
301 67875
302 68422
303 68826
304 69241
305 69790
306 70248
307 70735
308 71319
309 71569
310 72194
311 72621
312 73063
313 73500
314 73899
315 74436
316 74897
317 75206
318 76032
319 76274
320 76633
321 77371
322 77695
323 78404
324 78639
325 79383
326 79576
327 80156
328 80709
329 81277
330 81420
331 82287
332 82646
333 83092
334 83806
335 84125
336 84575
337 85043
338 85749
339 86258
340 86750
341 87224
342 87770
343 88310
344 88668
345 89343
346 89792
347 90353
348 90900
349 91427
350 91722
351 92481
352 92819
353 93476
354 93989
355 94438
356 95129
357 95573
358 96123
359 96671
360 97199
361 97640
362 98275
363 98942
364 99346
365 99943
366 100199
367 100669
368 101532
369 102059
370 102567
371 103283
372 103819
373 104482
374 105021
375 105480
376 105994
377 106574
378 107069
379 107634
380 108303
381 109002
382 109426
383 109863
384 110464
385 111178
386 111816
387 112406
388 112816
389 113512
390 114075
391 114549
392 115203
393 115757
394 116263
395 116910
396 117545
397 118284
398 118930
399 119494
400 119985
401 120501
402 121354
403 121611
404 122289
405 123125
406 123576
407 124209
408 124988
409 125408
410 125986
411 126540
412 127201
413 127905
414 128578
415 129191
416 129726
417 130412
418 131165
419 131589
420 132205
421 133028
422 133578
423 134204
424 134752
425 135350
426 135893
427 136504
428 137487
429 138200
430 138710
431 139509
432 139931
433 140539
434 141212
435 141742
436 142477
437 143284
438 144013
439 144694
440 145072
441 145960
442 146469
443 146933
444 147821
445 148594
446 149323
447 149674
448 150517
449 151135
450 151632
451 152497
452 152932
453 154060
454 154504
455 155276
456 155943
457 156606
458 157311
459 157969
460 158680
461 159588
462 159795
463 160944
464 161525
465 162114
466 163194
467 163700
468 164213
469 164806
470 165977
471 166231
472 167293
473 167855
474 168671
475 169209
476 169993
477 170617
478 171286
479 172110
480 172877
481 173258
482 174204
483 174988
484 175454
485 176219
486 177257
487 177870
488 179100
489 179165
490 180053
491 180851
492 181210
493 182259
494 183269
495 183705
496 184498
497 185318
498 186306
499 186556
500 187276
